0 1 0 0 0 -1 1109.93 174.78 1200.78 315.24 0 0 0 0
0 2 2 0 0 -1 299.24 167.14 453.18 285.91 0 0 0 0
1 1 0 0 0 -1 1132.69 169.49 1224.44 311.84 0 0 0 0
1 2 2 0 0 -1 298.82 165.74 449.87 282.31 0 0 0 0
2 1 0 0 0 -1 1152.13 160.28 1248.00 310.72 0 0 0 0
2 2 2 0 0 -1 298.46 159.73 447.38 274.68 0 0 0 0
3 1 0 0 0 -1 1169.78 157.06 1265.38 310.19 0 0 0 0
3 2 2 0 0 -1 297.10 153.66 443.60 266.73 0 0 0 0
4 2 2 0 0 -1 296.19 151.81 439.49 262.39 0 0 0 0
4 3 0 0 0 -1 793.04 156.15 901.36 336.11 0 0 0 0
5 2 2 0 0 -1 295.74 153.01 436.15 261.20 0 0 0 0
6 2 2 0 0 -1 294.30 154.24 434.81 262.51 0 0 0 0
7 2 2 0 0 -1 292.33 155.79 431.91 263.29 0 0 0 0
8 2 2 0 0 -1 290.02 156.50 429.88 264.10 0 0 0 0
9 2 2 0 0 -1 286.49 155.54 426.77 263.68 0 0 0 0
10 2 2 0 0 -1 284.43 156.53 424.88 265.13 0 0 0 0
11 2 2 0 0 -1 286.09 160.56 422.64 265.76 0 0 0 0
12 2 2 0 0 -1 282.56 156.95 420.79 263.68 0 0 0 0
13 2 2 0 0 -1 281.14 154.79 418.74 261.18 0 0 0 0
14 3 0 0 0 -1 792.95 166.80 892.64 333.01 0 0 0 0
15 3 0 0 0 -1 788.02 168.31 888.49 337.63 0 0 0 0
16 3 0 0 0 -1 783.75 168.11 883.19 337.45 0 0 0 0
16 2 2 0 0 -1 279.55 152.22 414.17 256.61 0 0 0 0
17 3 0 0 0 -1 781.41 171.77 874.11 331.06 0 0 0 0
18 3 0 0 0 -1 776.91 177.43 866.22 332.75 0 0 0 0
18 2 2 0 0 -1 280.62 160.83 411.46 262.47 0 0 0 0
19 3 0 0 0 -1 767.51 182.18 859.05 342.76 0 0 0 0
19 2 2 0 0 -1 283.09 168.49 409.89 266.92 0 0 0 0
20 2 2 0 0 -1 286.06 177.71 407.83 271.95 0 0 0 0
21 2 2 0 0 -1 288.07 180.07 407.98 272.93 0 0 0 0
21 3 0 0 0 -1 752.16 186.76 844.26 349.95 0 0 0 0
22 2 2 0 0 -1 292.07 178.42 409.04 269.13 0 0 0 0
23 2 2 0 0 -1 295.12 174.36 411.56 265.33 0 0 0 0
24 2 2 0 0 -1 297.91 173.62 412.55 263.86 0 0 0 0
24 3 0 0 0 -1 726.77 181.72 817.93 343.00 0 0 0 0
25 2 2 0 0 -1 301.05 171.36 414.87 261.97 0 0 0 0
25 3 0 0 0 -1 723.16 180.45 810.14 334.44 0 0 0 0
26 2 2 0 0 -1 307.35 167.19 417.35 255.71 0 0 0 0
26 3 0 0 0 -1 716.67 178.15 799.50 325.23 0 0 0 0
27 3 0 0 0 -1 701.93 172.83 785.27 322.41 0 0 0 0
28 3 0 0 0 -1 692.75 171.41 773.47 317.55 0 0 0 0
29 3 0 0 0 -1 681.46 168.03 763.62 317.52 0 0 0 0
30 3 0 0 0 -1 673.11 168.73 753.27 313.00 0 0 0 0
31 3 0 0 0 -1 659.50 170.78 737.68 312.62 0 0 0 0
33 2 2 0 0 -1 351.45 166.54 453.11 250.32 0 0 0 0
35 3 0 0 0 -1 619.67 165.95 696.96 309.42 0 0 0 0
37 3 0 0 0 -1 604.42 160.89 681.48 308.12 0 0 0 0
40 3 0 0 0 -1 588.37 165.18 661.52 309.29 0 0 0 0
41 3 0 0 0 -1 585.88 164.10 658.07 310.43 0 0 0 0
42 3 0 0 0 -1 586.13 167.60 657.74 313.27 0 0 0 0
43 3 0 0 0 -1 585.22 171.79 655.23 316.16 0 0 0 0
44 3 0 0 0 -1 587.09 172.83 654.97 314.29 0 0 0 0
45 3 0 0 0 -1 589.64 173.17 655.34 312.65 0 0 0 0
46 3 0 0 0 -1 593.57 171.01 660.58 314.20 0 0 0 0
47 3 0 0 0 -1 598.10 171.61 665.99 317.94 0 0 0 0
48 3 0 0 0 -1 604.43 171.49 671.62 318.12 0 0 0 0
49 3 0 0 0 -1 613.28 171.27 679.45 317.81 0 0 0 0
50 3 0 0 0 -1 622.44 172.28 687.26 316.54 0 0 0 0
50 5 2 0 0 -1 836.51 160.00 970.04 222.82 0 0 0 0
51 3 0 0 0 -1 633.48 171.57 696.92 313.14 0 0 0 0
51 5 2 0 0 -1 851.32 158.67 990.67 224.53 0 0 0 0
52 3 0 0 0 -1 643.21 172.52 708.31 318.38 0 0 0 0
52 5 2 0 0 -1 865.23 158.25 1007.65 226.21 0 0 0 0
53 3 0 0 0 -1 652.58 172.65 718.80 322.87 0 0 0 0
53 5 2 0 0 -1 888.85 158.26 1035.99 229.08 0 0 0 0
54 3 0 0 0 -1 664.58 170.14 731.54 323.58 0 0 0 0
54 5 2 0 0 -1 911.25 157.44 1061.43 230.44 0 0 0 0
55 3 0 0 0 -1 679.78 168.95 742.56 313.31 0 0 0 0
56 3 0 0 0 -1 697.05 170.56 756.75 307.23 0 0 0 0
57 3 0 0 0 -1 709.68 170.39 774.75 322.08 0 0 0 0
58 3 0 0 0 -1 726.52 170.86 790.65 322.54 0 0 0 0
58 5 2 0 0 -1 1014.74 151.78 1191.35 237.32 0 0 0 0
59 3 0 0 0 -1 743.48 169.38 806.75 320.67 0 0 0 0
60 3 0 0 0 -1 763.82 170.57 823.46 313.91 0 0 0 0
60 11 2 0 0 -1 843.94 153.72 978.53 236.82 0 0 0 0
60 5 2 0 0 -1 1055.84 151.62 1236.67 238.77 0 0 0 0
61 3 0 0 0 -1 783.52 171.30 840.57 307.54 0 0 0 0
61 11 2 0 0 -1 865.76 153.34 1002.84 237.91 0 0 0 0
61 5 2 0 0 -1 1053.92 154.18 1230.74 242.06 0 0 0 0
62 3 0 0 0 -1 800.21 169.72 862.37 318.77 0 0 0 0
62 11 2 0 0 -1 891.74 153.07 1030.69 238.61 0 0 0 0
62 5 2 0 0 -1 1070.84 151.51 1255.24 244.78 0 0 0 0
63 3 0 0 0 -1 818.10 167.06 881.06 316.96 0 0 0 0
63 11 2 0 0 -1 915.40 152.75 1054.90 238.22 0 0 0 0
63 5 2 0 0 -1 1083.58 151.75 1266.93 246.71 0 0 0 0
64 3 0 0 0 -1 836.64 166.06 898.61 312.33 0 0 0 0
64 11 2 0 0 -1 940.01 152.75 1080.59 238.31 0 0 0 0
64 5 2 0 0 -1 1093.54 152.14 1274.49 248.78 0 0 0 0
65 3 0 0 0 -1 855.93 166.70 917.03 309.66 0 0 0 0
65 11 2 0 0 -1 962.50 153.38 1103.81 238.83 0 0 0 0
65 5 2 0 0 -1 1099.99 151.80 1280.91 252.26 0 0 0 0
66 3 0 0 0 -1 876.96 167.90 934.76 301.44 0 0 0 0
66 11 2 0 0 -1 982.53 154.27 1125.97 240.18 0 0 0 0
66 5 2 0 0 -1 1109.36 152.58 1284.98 254.39 0 0 0 0
67 3 0 0 0 -1 895.01 168.63 954.97 307.40 0 0 0 0
67 11 2 0 0 -1 1001.65 156.22 1147.86 243.12 0 0 0 0
67 5 2 0 0 -1 1118.32 155.22 1283.72 255.29 0 0 0 0
68 3 0 0 0 -1 912.86 169.49 974.81 313.11 0 0 0 0
68 11 2 0 0 -1 1017.66 158.37 1165.65 245.95 0 0 0 0
68 5 2 0 0 -1 1124.40 157.92 1284.85 259.72 0 0 0 0
69 3 0 0 0 -1 928.36 169.04 990.81 314.65 0 0 0 0
69 11 2 0 0 -1 1033.13 158.90 1180.75 245.91 0 0 0 0
69 5 2 0 0 -1 1129.22 159.05 1286.90 264.41 0 0 0 0
70 3 0 0 0 -1 944.59 168.29 1007.41 315.96 0 0 0 0
70 11 2 0 0 -1 1047.40 158.72 1192.54 243.97 0 0 0 0
70 5 2 0 0 -1 1135.99 158.54 1285.49 263.76 0 0 0 0
71 3 0 0 0 -1 960.13 168.11 1020.14 309.37 0 0 0 0
72 3 0 0 0 -1 970.31 167.24 1033.02 315.89 0 0 0 0
72 5 2 0 0 -1 1141.93 157.77 1286.07 265.44 0 0 0 0
73 3 0 0 0 -1 980.15 166.77 1041.58 312.26 0 0 0 0
73 5 2 0 0 -1 1144.85 158.20 1281.27 265.90 0 0 0 0
73 11 2 0 0 -1 1079.65 157.73 1223.05 242.60 0 0 0 0
74 3 0 0 0 -1 987.41 167.16 1049.21 314.18 0 0 0 0
74 5 2 0 0 -1 1145.95 158.43 1279.18 269.42 0 0 0 0
74 11 2 0 0 -1 1084.39 157.80 1225.06 242.36 0 0 0 0
75 3 0 0 0 -1 992.90 167.95 1052.69 310.24 0 0 0 0
75 5 2 0 0 -1 1146.53 159.85 1273.79 270.76 0 0 0 0
75 11 2 0 0 -1 1091.21 158.97 1225.37 240.82 0 0 0 0
76 3 0 0 0 -1 996.82 168.86 1052.66 300.73 0 0 0 0
76 5 2 0 0 -1 1145.53 160.59 1270.20 273.89 0 0 0 0
76 11 2 0 0 -1 1093.21 160.64 1223.30 241.80 0 0 0 0
77 3 0 0 0 -1 997.38 169.85 1051.67 296.88 0 0 0 0
77 5 2 0 0 -1 1141.93 162.02 1267.63 280.65 0 0 0 0
77 11 2 0 0 -1 1094.79 162.73 1217.66 241.17 0 0 0 0
78 3 0 0 0 -1 997.05 171.76 1053.03 303.12 0 0 0 0
78 5 2 0 0 -1 1139.44 163.73 1263.73 284.72 0 0 0 0
78 11 2 0 0 -1 1093.29 165.12 1211.67 243.25 0 0 0 0
79 3 0 0 0 -1 994.39 172.01 1052.20 309.08 0 0 0 0
79 5 2 0 0 -1 1136.19 164.56 1257.98 285.54 0 0 0 0
79 11 2 0 0 -1 1092.32 166.48 1205.02 243.75 0 0 0 0
80 3 0 0 0 -1 991.90 173.08 1048.35 307.78 0 0 0 0
80 5 2 0 0 -1 1131.87 163.41 1253.27 285.64 0 0 0 0
81 3 0 0 0 -1 987.87 175.86 1040.36 299.92 0 0 0 0
81 5 2 0 0 -1 1124.94 164.73 1250.85 292.88 0 0 0 0
81 11 2 0 0 -1 1085.95 168.98 1191.21 244.77 0 0 0 0
82 3 0 0 0 -1 982.51 178.51 1032.10 294.34 0 0 0 0
82 5 2 0 0 -1 1118.08 164.48 1248.75 298.48 0 0 0 0
82 11 2 0 0 -1 1080.94 170.17 1180.28 245.49 0 0 0 0
83 3 0 0 0 -1 974.38 178.33 1025.62 297.82 0 0 0 0
83 5 2 0 0 -1 1111.57 163.36 1245.59 301.00 0 0 0 0
83 11 2 0 0 -1 1074.64 170.24 1166.49 243.70 0 0 0 0
84 3 0 0 0 -1 965.22 177.25 1017.67 299.60 0 0 0 0
84 5 2 0 0 -1 1103.62 160.43 1243.27 303.77 0 0 0 0
85 3 0 0 0 -1 955.86 176.02 1009.54 301.53 0 0 0 0
85 5 2 0 0 -1 1097.38 158.16 1240.48 304.29 0 0 0 0
86 3 0 0 0 -1 948.85 176.92 998.30 292.26 0 0 0 0
86 5 2 0 0 -1 1089.26 156.56 1238.47 307.83 0 0 0 0
87 3 0 0 0 -1 941.00 179.24 987.14 286.31 0 0 0 0
87 5 2 0 0 -1 1081.66 156.54 1236.88 312.61 0 0 0 0
87 23 2 0 0 -1 1005.45 183.60 1058.19 220.69 0 0 0 0
88 3 0 0 0 -1 931.25 181.03 977.27 288.22 0 0 0 0
88 5 2 0 0 -1 1073.66 157.64 1235.35 318.62 0 0 0 0
88 23 2 0 0 -1 992.49 183.33 1042.70 218.43 0 0 0 0
89 3 0 0 0 -1 921.83 178.95 968.80 289.50 0 0 0 0
89 5 2 0 0 -1 1065.93 155.33 1236.26 323.86 0 0 0 0
90 3 0 0 0 -1 914.06 179.13 960.23 288.18 0 0 0 0
90 24 2 0 0 -1 1027.05 170.02 1061.92 232.77 0 0 0 0
91 3 0 0 0 -1 907.47 179.93 950.16 279.76 0 0 0 0
91 24 2 0 0 -1 1017.84 169.85 1052.20 231.31 0 0 0 0
92 3 0 0 0 -1 898.54 180.21 941.53 280.70 0 0 0 0
92 24 2 0 0 -1 1004.66 171.49 1038.87 232.14 0 0 0 0
92 5 2 0 0 -1 1049.18 152.21 1233.54 332.60 0 0 0 0
93 3 0 0 0 -1 889.59 180.75 934.18 284.52 0 0 0 0
93 24 2 0 0 -1 993.54 171.17 1027.80 230.67 0 0 0 0
93 5 2 0 0 -1 1040.61 149.79 1232.99 335.98 0 0 0 0
94 3 0 0 0 -1 880.21 178.54 926.88 286.27 0 0 0 0
94 24 2 0 0 -1 982.23 169.61 1016.87 228.16 0 0 0 0
94 5 2 0 0 -1 1033.58 148.82 1232.61 339.50 0 0 0 0
95 3 0 0 0 -1 873.90 178.20 921.19 288.11 0 0 0 0
95 24 2 0 0 -1 969.76 170.32 1005.02 227.75 0 0 0 0
95 5 2 0 0 -1 1023.70 146.83 1237.13 351.05 0 0 0 0
96 3 0 0 0 -1 871.15 181.29 912.21 274.42 0 0 0 0
96 24 2 0 0 -1 955.19 172.72 990.65 228.31 0 0 0 0
96 5 2 0 0 -1 1016.28 148.59 1240.44 363.52 0 0 0 0
97 3 0 0 0 -1 864.00 180.84 907.41 279.75 0 0 0 0
97 24 2 0 0 -1 938.95 175.07 974.70 228.98 0 0 0 0
97 5 2 0 0 -1 1014.99 150.27 1242.69 369.38 0 0 0 0
98 3 0 0 0 -1 858.54 181.19 901.37 278.42 0 0 0 0
98 24 2 0 0 -1 921.60 175.21 958.64 228.88 0 0 0 0
98 5 2 0 0 -1 1014.72 152.36 1242.55 371.94 0 0 0 0
99 3 0 0 0 -1 851.56 181.21 896.30 283.23 0 0 0 0
99 24 2 0 0 -1 903.17 175.16 940.90 227.63 0 0 0 0
99 5 2 0 0 -1 994.09 145.20 1232.28 371.52 0 0 0 0
99 32 2 0 0 -1 788.72 182.39 839.47 222.77 0 0 0 0
100 3 0 0 0 -1 846.67 181.24 890.21 280.91 0 0 0 0
100 24 2 0 0 -1 886.79 174.95 924.98 226.56 0 0 0 0
100 32 2 0 0 -1 771.28 181.48 823.93 223.39 0 0 0 0
101 3 0 0 0 -1 841.20 180.46 883.85 277.95 0 0 0 0
101 24 2 0 0 -1 869.85 173.99 908.48 224.82 0 0 0 0
101 32 2 0 0 -1 753.12 180.63 804.68 221.64 0 0 0 0
101 23 2 0 0 -1 925.38 183.91 973.43 218.06 0 0 0 0
102 3 0 0 0 -1 836.78 178.20 880.14 277.02 0 0 0 0
102 24 2 0 0 -1 853.07 172.81 891.55 222.34 0 0 0 0
102 23 2 0 0 -1 925.73 185.16 978.31 224.46 0 0 0 0
103 3 0 0 0 -1 833.39 178.25 876.96 277.35 0 0 0 0
103 23 2 0 0 -1 920.73 186.24 973.93 226.63 0 0 0 0
104 3 0 0 0 -1 830.95 178.48 874.70 276.91 0 0 0 0
104 23 2 0 0 -1 908.90 187.20 961.31 227.36 0 0 0 0
104 39 2 0 0 -1 882.30 182.36 924.99 216.70 0 0 0 0
104 32 2 0 0 -1 697.05 178.69 755.33 225.44 0 0 0 0
104 24 2 0 0 -1 817.73 173.74 855.39 220.88 0 0 0 0
105 3 0 0 0 -1 827.66 179.34 868.63 271.16 0 0 0 0
105 23 2 0 0 -1 894.39 188.41 946.79 228.80 0 0 0 0
105 39 2 0 0 -1 868.96 183.29 911.30 217.36 0 0 0 0
105 41 2 0 0 -1 935.46 189.34 967.50 238.18 0 0 0 0
105 32 2 0 0 -1 679.74 178.76 738.01 225.91 0 0 0 0
105 24 2 0 0 -1 799.78 173.99 838.31 221.29 0 0 0 0
106 3 0 0 0 -1 823.90 180.47 865.18 273.94 0 0 0 0
106 23 2 0 0 -1 880.67 188.70 933.15 229.54 0 0 0 0
106 41 2 0 0 -1 928.86 188.47 962.79 239.32 0 0 0 0
106 24 2 0 0 -1 783.24 174.04 822.48 220.61 0 0 0 0
107 3 0 0 0 -1 820.58 180.65 862.53 276.02 0 0 0 0
107 23 2 0 0 -1 864.89 188.42 918.94 231.19 0 0 0 0
107 41 2 0 0 -1 921.77 187.90 959.13 242.05 0 0 0 0
107 24 2 0 0 -1 765.48 174.14 805.59 220.69 0 0 0 0
108 3 0 0 0 -1 817.40 181.53 860.20 280.14 0 0 0 0
108 23 2 0 0 -1 853.21 188.25 906.73 231.52 0 0 0 0
108 41 2 0 0 -1 916.64 187.76 958.20 244.60 0 0 0 0
108 24 2 0 0 -1 748.53 174.01 789.55 220.67 0 0 0 0
108 32 2 0 0 -1 629.32 181.26 688.77 229.89 0 0 0 0
109 3 0 0 0 -1 815.31 181.14 857.19 279.14 0 0 0 0
109 23 2 0 0 -1 843.70 189.10 894.85 231.33 0 0 0 0
109 41 2 0 0 -1 906.00 188.17 950.67 245.84 0 0 0 0
109 24 2 0 0 -1 732.17 173.86 773.71 220.13 0 0 0 0
110 3 0 0 0 -1 811.11 181.28 852.97 280.99 0 0 0 0
110 41 2 0 0 -1 893.99 187.81 941.66 245.41 0 0 0 0
110 24 2 0 0 -1 716.49 173.12 758.64 218.82 0 0 0 0
110 32 2 0 0 -1 595.79 179.46 658.37 231.50 0 0 0 0
111 3 0 0 0 -1 805.95 179.89 846.05 276.24 0 0 0 0
111 41 2 0 0 -1 881.58 187.51 932.72 245.57 0 0 0 0
111 24 2 0 0 -1 699.90 172.13 742.18 217.15 0 0 0 0
111 44 2 0 0 -1 778.41 180.98 812.99 219.32 0 0 0 0
112 3 0 0 0 -1 798.46 178.94 838.96 276.43 0 0 0 0
112 41 2 0 0 -1 868.53 187.03 923.40 245.60 0 0 0 0
112 24 2 0 0 -1 682.81 170.72 725.01 215.27 0 0 0 0
112 44 2 0 0 -1 767.29 180.28 801.30 217.73 0 0 0 0
113 3 0 0 0 -1 792.57 178.43 833.87 275.98 0 0 0 0
113 41 2 0 0 -1 855.65 185.87 914.28 244.93 0 0 0 0
113 24 2 0 0 -1 667.10 169.72 709.43 213.87 0 0 0 0
113 44 2 0 0 -1 754.46 179.32 789.68 217.62 0 0 0 0
113 46 2 0 0 -1 78.15 183.02 224.85 275.84 0 0 0 0
114 3 0 0 0 -1 788.89 178.72 826.82 267.29 0 0 0 0
114 41 2 0 0 -1 844.14 185.96 906.82 245.95 0 0 0 0
114 24 2 0 0 -1 652.22 169.60 694.58 213.28 0 0 0 0
114 44 2 0 0 -1 742.44 179.43 777.80 217.35 0 0 0 0
114 46 2 0 0 -1 33.68 181.92 196.57 284.50 0 0 0 0
114 32 2 0 0 -1 534.09 176.45 594.76 227.13 0 0 0 0
115 41 2 0 0 -1 833.26 186.12 900.38 247.38 0 0 0 0
115 24 2 0 0 -1 639.04 170.11 680.87 212.69 0 0 0 0
115 44 2 0 0 -1 730.89 179.55 767.30 217.84 0 0 0 0
115 46 2 0 0 -1 13.32 185.84 185.37 293.73 0 0 0 0
116 41 2 0 0 -1 822.34 186.76 895.03 250.70 0 0 0 0
116 24 2 0 0 -1 624.37 170.21 666.60 212.82 0 0 0 0
116 44 2 0 0 -1 717.72 179.69 756.64 219.85 0 0 0 0
116 46 2 0 0 -1 2.67 186.02 175.00 293.80 0 0 0 0
116 3 0 0 0 -1 772.59 178.77 813.17 273.54 0 0 0 0
116 32 2 0 0 -1 504.04 175.83 565.96 227.41 0 0 0 0
117 41 2 0 0 -1 812.30 187.54 890.69 254.52 0 0 0 0
117 24 2 0 0 -1 610.06 171.53 651.92 213.36 0 0 0 0
117 44 2 0 0 -1 703.36 179.99 744.67 221.84 0 0 0 0
117 46 2 0 0 -1 -16.91 189.41 174.31 310.08 0 0 0 0
117 3 0 0 0 -1 763.63 180.41 803.65 273.42 0 0 0 0
118 41 2 0 0 -1 803.15 189.03 884.54 256.57 0 0 0 0
118 24 2 0 0 -1 595.49 172.13 637.05 213.28 0 0 0 0
118 46 2 0 0 -1 -22.17 205.33 155.24 318.51 0 0 0 0
118 3 0 0 0 -1 751.25 182.32 791.10 275.16 0 0 0 0
118 32 2 0 0 -1 469.33 177.30 536.79 233.51 0 0 0 0
119 41 2 0 0 -1 793.97 189.52 880.39 259.42 0 0 0 0
119 24 2 0 0 -1 580.61 172.29 622.42 213.39 0 0 0 0
119 46 2 0 0 -1 -22.19 232.09 127.48 328.98 0 0 0 0
119 3 0 0 0 -1 738.25 182.19 778.78 277.50 0 0 0 0
119 44 2 0 0 -1 680.13 181.65 722.67 224.04 0 0 0 0
120 41 2 0 0 -1 783.93 189.52 875.51 262.27 0 0 0 0
120 24 2 0 0 -1 565.47 171.97 607.39 212.93 0 0 0 0
120 46 2 0 0 -1 -34.62 247.03 104.39 340.22 0 0 0 0
120 3 0 0 0 -1 725.21 182.46 765.06 275.99 0 0 0 0
120 44 2 0 0 -1 665.99 181.11 712.03 226.36 0 0 0 0
120 32 2 0 0 -1 436.78 178.93 503.55 233.86 0 0 0 0
121 41 2 0 0 -1 773.88 189.56 871.42 265.97 0 0 0 0
121 24 2 0 0 -1 549.83 171.70 592.18 212.90 0 0 0 0
121 3 0 0 0 -1 711.58 182.14 751.14 275.20 0 0 0 0
121 44 2 0 0 -1 654.88 181.55 701.22 227.09 0 0 0 0
121 23 2 0 0 -1 725.29 189.75 782.95 240.43 0 0 0 0
122 41 2 0 0 -1 764.89 190.01 865.28 267.46 0 0 0 0
122 3 0 0 0 -1 694.95 181.73 734.85 275.16 0 0 0 0
122 44 2 0 0 -1 639.86 181.50 687.64 227.60 0 0 0 0
122 23 2 0 0 -1 713.20 189.59 771.49 242.16 0 0 0 0
122 32 2 0 0 -1 401.13 178.75 469.90 234.38 0 0 0 0
123 41 2 0 0 -1 754.98 190.04 859.89 270.02 0 0 0 0
123 3 0 0 0 -1 678.39 180.63 718.98 274.52 0 0 0 0
123 44 2 0 0 -1 625.88 181.99 674.42 228.10 0 0 0 0
123 23 2 0 0 -1 701.44 189.74 760.75 243.80 0 0 0 0
123 49 2 0 0 -1 597.97 182.40 632.83 218.81 0 0 0 0
123 32 2 0 0 -1 378.98 179.51 448.93 235.35 0 0 0 0
123 24 2 0 0 -1 517.80 170.56 560.19 211.55 0 0 0 0
124 41 2 0 0 -1 745.66 189.56 854.51 271.72 0 0 0 0
124 3 0 0 0 -1 660.83 180.14 701.11 273.38 0 0 0 0
124 44 2 0 0 -1 613.45 182.15 662.35 228.40 0 0 0 0
124 23 2 0 0 -1 686.67 189.63 749.12 246.12 0 0 0 0
124 32 2 0 0 -1 358.39 179.58 432.30 237.57 0 0 0 0
124 24 2 0 0 -1 501.36 170.43 543.74 211.32 0 0 0 0
125 41 2 0 0 -1 735.95 189.20 848.08 272.88 0 0 0 0
125 3 0 0 0 -1 642.90 180.41 681.64 269.61 0 0 0 0
125 44 2 0 0 -1 599.09 180.90 649.71 228.94 0 0 0 0
125 23 2 0 0 -1 671.63 188.51 738.59 248.52 0 0 0 0
125 32 2 0 0 -1 334.00 181.32 408.96 239.46 0 0 0 0
125 24 2 0 0 -1 485.18 169.86 527.82 210.95 0 0 0 0
126 41 2 0 0 -1 727.08 188.22 845.45 276.10 0 0 0 0
126 3 0 0 0 -1 621.03 179.12 660.54 269.97 0 0 0 0
126 44 2 0 0 -1 581.54 180.09 633.01 229.49 0 0 0 0
126 23 2 0 0 -1 656.69 187.56 728.67 250.82 0 0 0 0
126 32 2 0 0 -1 311.17 182.91 387.97 243.13 0 0 0 0
126 24 2 0 0 -1 469.98 169.57 512.79 210.90 0 0 0 0
126 50 2 0 0 -1 554.77 181.33 593.33 219.76 0 0 0 0
127 41 2 0 0 -1 718.31 187.04 842.26 278.76 0 0 0 0
127 23 2 0 0 -1 641.88 186.70 719.28 253.68 0 0 0 0
127 32 2 0 0 -1 288.79 183.71 371.94 247.98 0 0 0 0
127 24 2 0 0 -1 454.83 169.55 497.48 210.88 0 0 0 0
127 50 2 0 0 -1 542.75 181.47 582.13 220.69 0 0 0 0
128 41 2 0 0 -1 712.46 185.90 841.65 281.41 0 0 0 0
128 23 2 0 0 -1 628.39 185.96 710.75 255.13 0 0 0 0
128 32 2 0 0 -1 264.06 185.53 351.99 252.36 0 0 0 0
128 24 2 0 0 -1 441.84 169.41 484.67 211.05 0 0 0 0
128 50 2 0 0 -1 531.01 182.00 571.39 222.21 0 0 0 0
128 3 0 0 0 -1 584.47 180.06 623.52 269.84 0 0 0 0
129 41 2 0 0 -1 709.38 185.49 845.53 286.26 0 0 0 0
129 23 2 0 0 -1 618.20 186.32 705.67 257.60 0 0 0 0
129 32 2 0 0 -1 241.04 188.60 335.68 259.72 0 0 0 0
129 24 2 0 0 -1 431.58 170.10 474.85 212.45 0 0 0 0
129 3 0 0 0 -1 567.27 180.28 605.86 268.18 0 0 0 0
130 41 2 0 0 -1 708.56 185.19 851.67 291.38 0 0 0 0
130 23 2 0 0 -1 611.88 187.16 705.40 260.92 0 0 0 0
130 32 2 0 0 -1 221.62 191.58 319.61 264.07 0 0 0 0
130 24 2 0 0 -1 424.55 172.73 466.71 214.00 0 0 0 0
130 3 0 0 0 -1 551.45 181.01 590.66 269.96 0 0 0 0
130 51 2 0 0 -1 288.29 183.51 354.37 238.89 0 0 0 0
131 41 2 0 0 -1 710.23 185.43 861.22 297.83 0 0 0 0
131 23 2 0 0 -1 606.94 188.31 707.01 265.09 0 0 0 0
131 32 2 0 0 -1 201.94 194.51 307.30 271.41 0 0 0 0
131 24 2 0 0 -1 417.88 174.93 460.27 216.56 0 0 0 0
131 3 0 0 0 -1 538.38 182.37 578.12 273.05 0 0 0 0
131 51 2 0 0 -1 277.28 184.96 347.45 243.76 0 0 0 0
132 41 2 0 0 -1 714.54 185.83 875.01 305.97 0 0 0 0
132 23 2 0 0 -1 604.03 189.04 710.75 269.21 0 0 0 0
132 32 2 0 0 -1 182.90 197.87 295.01 278.28 0 0 0 0
132 24 2 0 0 -1 414.13 176.96 455.53 217.89 0 0 0 0
132 3 0 0 0 -1 527.32 183.43 567.26 274.67 0 0 0 0
132 51 2 0 0 -1 264.55 187.77 339.36 250.60 0 0 0 0
133 41 2 0 0 -1 722.34 185.82 891.19 312.96 0 0 0 0
133 23 2 0 0 -1 603.89 189.69 718.72 274.50 0 0 0 0
133 32 2 0 0 -1 166.88 201.17 285.28 284.96 0 0 0 0
133 24 2 0 0 -1 412.04 178.13 453.21 219.35 0 0 0 0
133 3 0 0 0 -1 518.46 183.50 557.72 273.88 0 0 0 0
133 51 2 0 0 -1 253.00 189.30 330.03 254.22 0 0 0 0
133 52 2 0 0 -1 549.94 183.22 616.18 240.80 0 0 0 0
134 41 2 0 0 -1 734.53 185.46 913.86 321.49 0 0 0 0
134 23 2 0 0 -1 606.30 188.72 729.43 278.38 0 0 0 0
134 32 2 0 0 -1 148.24 200.96 276.88 290.43 0 0 0 0
134 24 2 0 0 -1 413.25 177.35 453.83 218.30 0 0 0 0
134 3 0 0 0 -1 511.98 183.97 551.22 273.93 0 0 0 0
134 51 2 0 0 -1 247.97 190.37 327.58 258.09 0 0 0 0
134 52 2 0 0 -1 546.93 181.61 620.38 245.52 0 0 0 0
135 41 2 0 0 -1 753.41 183.09 945.69 329.57 0 0 0 0
135 23 2 0 0 -1 611.55 186.58 743.81 281.64 0 0 0 0
135 32 2 0 0 -1 134.81 200.27 270.07 292.63 0 0 0 0
135 3 0 0 0 -1 507.42 181.84 547.30 273.35 0 0 0 0
135 51 2 0 0 -1 238.60 187.53 322.42 259.45 0 0 0 0
135 52 2 0 0 -1 549.12 179.28 627.17 247.22 0 0 0 0
136 41 2 0 0 -1 775.54 180.59 985.24 340.92 0 0 0 0
136 23 2 0 0 -1 618.59 184.07 760.19 284.54 0 0 0 0
136 32 2 0 0 -1 120.64 198.91 266.31 296.92 0 0 0 0
136 3 0 0 0 -1 503.35 178.97 543.30 270.11 0 0 0 0
136 51 2 0 0 -1 236.14 185.83 322.66 260.53 0 0 0 0
136 52 2 0 0 -1 552.99 176.81 631.67 245.04 0 0 0 0
136 53 2 0 0 -1 427.62 171.93 466.82 210.96 0 0 0 0
136 54 2 0 0 -1 312.10 187.31 344.07 233.22 0 0 0 0
137 41 2 0 0 -1 804.11 177.33 1035.51 354.44 0 0 0 0
137 23 2 0 0 -1 627.83 181.11 780.67 288.32 0 0 0 0
137 32 2 0 0 -1 107.59 198.12 263.13 301.29 0 0 0 0
137 3 0 0 0 -1 502.92 176.64 543.44 268.31 0 0 0 0
137 51 2 0 0 -1 236.34 183.71 325.42 260.96 0 0 0 0
137 52 2 0 0 -1 561.79 174.33 643.45 244.82 0 0 0 0
137 53 2 0 0 -1 433.40 170.30 472.38 209.15 0 0 0 0
137 54 2 0 0 -1 315.77 186.90 348.05 233.05 0 0 0 0
138 41 2 0 0 -1 845.84 175.84 1097.61 366.98 0 0 0 0
138 23 2 0 0 -1 640.79 180.18 803.72 292.64 0 0 0 0
138 32 2 0 0 -1 96.18 197.59 260.49 304.72 0 0 0 0
138 3 0 0 0 -1 506.17 174.97 546.15 265.75 0 0 0 0
138 51 2 0 0 -1 235.45 181.82 326.66 261.29 0 0 0 0
138 52 2 0 0 -1 569.34 172.34 655.56 246.45 0 0 0 0
138 53 2 0 0 -1 442.66 169.40 480.22 206.90 0 0 0 0
138 54 2 0 0 -1 319.67 186.19 353.29 234.09 0 0 0 0
139 41 2 0 0 -1 905.69 175.16 1171.47 371.49 0 0 0 0
139 23 2 0 0 -1 654.33 180.23 832.18 301.28 0 0 0 0
139 32 2 0 0 -1 84.80 197.24 260.22 310.03 0 0 0 0
139 3 0 0 0 -1 509.92 175.09 549.14 264.54 0 0 0 0
139 51 2 0 0 -1 236.48 180.72 329.03 261.69 0 0 0 0
139 52 2 0 0 -1 579.62 171.86 669.01 248.16 0 0 0 0
139 53 2 0 0 -1 451.54 168.58 488.78 205.86 0 0 0 0
139 54 2 0 0 -1 323.01 185.67 358.40 235.68 0 0 0 0
140 41 2 0 0 -1 947.09 177.12 1214.60 372.93 0 0 0 0
140 23 2 0 0 -1 670.82 181.69 865.14 312.19 0 0 0 0
140 32 2 0 0 -1 66.51 197.11 255.80 316.36 0 0 0 0
140 3 0 0 0 -1 515.17 175.06 555.03 266.15 0 0 0 0
140 51 2 0 0 -1 239.93 180.66 332.37 261.83 0 0 0 0
140 52 2 0 0 -1 591.17 172.21 683.36 250.26 0 0 0 0
140 54 2 0 0 -1 329.74 186.08 365.81 236.53 0 0 0 0
141 41 2 0 0 -1 981.51 178.98 1244.54 373.17 0 0 0 0
141 23 2 0 0 -1 689.03 182.94 903.11 324.61 0 0 0 0
141 32 2 0 0 -1 50.45 199.42 252.73 324.55 0 0 0 0
141 3 0 0 0 -1 518.67 175.09 558.51 266.54 0 0 0 0
141 51 2 0 0 -1 239.16 181.78 334.13 265.05 0 0 0 0
141 52 2 0 0 -1 602.94 173.14 700.65 255.14 0 0 0 0
141 54 2 0 0 -1 337.39 186.37 371.42 232.89 0 0 0 0
141 55 2 0 0 -1 566.76 180.34 613.95 234.56 0 0 0 0
142 41 2 0 0 -1 1023.99 184.47 1272.84 374.43 0 0 0 0
142 23 2 0 0 -1 706.54 184.31 945.25 340.09 0 0 0 0
142 32 2 0 0 -1 30.22 201.73 246.97 332.92 0 0 0 0
142 3 0 0 0 -1 524.21 177.47 561.22 261.89 0 0 0 0
142 51 2 0 0 -1 235.75 182.57 336.21 270.41 0 0 0 0
142 52 2 0 0 -1 614.00 173.71 715.88 258.36 0 0 0 0
142 54 2 0 0 -1 342.31 186.96 377.62 233.99 0 0 0 0
142 55 2 0 0 -1 575.49 180.97 624.07 236.84 0 0 0 0
143 23 2 0 0 -1 726.91 185.93 996.69 358.87 0 0 0 0
143 32 2 0 0 -1 12.13 203.17 247.24 343.98 0 0 0 0
143 3 0 0 0 -1 529.71 176.66 567.62 264.16 0 0 0 0
143 51 2 0 0 -1 231.94 182.38 339.07 276.08 0 0 0 0
143 52 2 0 0 -1 625.89 174.36 733.32 262.83 0 0 0 0
143 54 2 0 0 -1 348.84 187.97 383.98 233.31 0 0 0 0
143 55 2 0 0 -1 585.65 180.79 638.21 241.31 0 0 0 0
143 24 2 0 0 -1 329.28 192.76 379.11 245.59 0 0 0 0
144 23 2 0 0 -1 763.43 187.98 1054.62 368.67 0 0 0 0
144 32 2 0 0 -1 1.19 204.01 248.49 351.64 0 0 0 0
144 3 0 0 0 -1 535.38 176.12 573.55 265.04 0 0 0 0
144 51 2 0 0 -1 227.50 181.90 342.71 282.74 0 0 0 0
144 52 2 0 0 -1 638.63 174.92 752.49 267.62 0 0 0 0
144 54 2 0 0 -1 355.04 187.50 391.96 233.90 0 0 0 0
144 55 2 0 0 -1 597.38 181.13 652.55 244.98 0 0 0 0
144 24 2 0 0 -1 326.97 193.69 377.88 249.75 0 0 0 0
145 23 2 0 0 -1 809.94 190.49 1117.35 371.57 0 0 0 0
145 32 2 0 0 -1 -11.55 204.15 252.21 362.84 0 0 0 0
145 3 0 0 0 -1 540.12 175.62 578.02 264.88 0 0 0 0
145 51 2 0 0 -1 222.80 181.71 343.00 286.55 0 0 0 0
145 52 2 0 0 -1 651.98 174.58 772.49 271.52 0 0 0 0
145 54 2 0 0 -1 360.26 186.98 398.45 233.81 0 0 0 0
145 55 2 0 0 -1 609.09 180.82 665.69 246.39 0 0 0 0
145 24 2 0 0 -1 327.79 193.87 378.91 251.93 0 0 0 0
146 23 2 0 0 -1 842.81 192.49 1161.91 371.71 0 0 0 0
146 32 2 0 0 -1 -20.96 204.15 252.13 370.74 0 0 0 0
146 3 0 0 0 -1 546.39 174.53 583.70 262.84 0 0 0 0
146 51 2 0 0 -1 215.33 181.46 340.41 289.32 0 0 0 0
146 52 2 0 0 -1 663.86 173.10 794.03 276.78 0 0 0 0
146 54 2 0 0 -1 365.16 186.04 403.60 231.74 0 0 0 0
146 55 2 0 0 -1 619.66 180.55 677.35 247.12 0 0 0 0
146 44 2 0 0 -1 331.97 192.36 391.79 252.41 0 0 0 0
147 23 2 0 0 -1 863.38 194.09 1190.88 372.20 0 0 0 0
147 32 2 0 0 -1 -27.37 203.75 246.97 374.14 0 0 0 0
147 3 0 0 0 -1 552.53 171.36 591.19 262.86 0 0 0 0
147 51 2 0 0 -1 205.05 178.37 338.59 292.08 0 0 0 0
147 52 2 0 0 -1 677.83 171.59 816.68 280.79 0 0 0 0
147 54 2 0 0 -1 368.52 183.94 409.27 231.26 0 0 0 0
147 55 2 0 0 -1 630.75 179.23 690.96 248.28 0 0 0 0
147 44 2 0 0 -1 328.49 191.79 387.84 252.90 0 0 0 0
148 23 2 0 0 -1 886.66 197.43 1212.34 370.99 0 0 0 0
148 32 2 0 0 -1 -31.77 203.34 237.84 374.50 0 0 0 0
148 3 0 0 0 -1 557.67 170.08 597.17 264.30 0 0 0 0
148 51 2 0 0 -1 191.23 176.37 333.56 295.22 0 0 0 0
148 52 2 0 0 -1 691.75 170.09 841.51 286.25 0 0 0 0
148 54 2 0 0 -1 371.41 181.73 414.21 230.17 0 0 0 0
148 55 2 0 0 -1 641.16 177.73 704.16 249.27 0 0 0 0
148 44 2 0 0 -1 328.24 190.25 389.45 254.08 0 0 0 0
149 23 2 0 0 -1 913.69 206.08 1228.56 372.13 0 0 0 0
149 32 2 0 0 -1 -34.73 205.54 222.21 372.91 0 0 0 0
149 3 0 0 0 -1 562.82 170.05 602.21 264.87 0 0 0 0
149 51 2 0 0 -1 175.45 175.48 328.36 300.50 0 0 0 0
149 52 2 0 0 -1 706.59 169.62 869.61 294.33 0 0 0 0
149 54 2 0 0 -1 373.47 180.60 418.21 230.03 0 0 0 0
149 55 2 0 0 -1 653.07 176.62 721.81 253.74 0 0 0 0
149 44 2 0 0 -1 326.44 189.58 389.54 255.32 0 0 0 0
149 61 2 0 0 -1 625.87 176.96 677.16 230.30 0 0 0 0
150 23 2 0 0 -1 971.88 237.39 1233.52 373.28 0 0 0 0
150 32 2 0 0 -1 -38.75 210.15 203.29 372.96 0 0 0 0
150 3 0 0 0 -1 568.05 171.35 606.42 264.42 0 0 0 0
150 51 2 0 0 -1 154.74 175.55 322.41 309.37 0 0 0 0
150 52 2 0 0 -1 722.09 171.02 900.79 305.79 0 0 0 0
150 54 2 0 0 -1 374.33 181.36 421.34 232.09 0 0 0 0
150 55 2 0 0 -1 663.77 177.71 737.32 258.76 0 0 0 0
150 44 2 0 0 -1 323.81 190.97 389.55 259.02 0 0 0 0
151 32 2 0 0 -1 -45.12 216.62 178.81 373.81 0 0 0 0
151 3 0 0 0 -1 574.16 171.54 611.55 262.31 0 0 0 0
151 51 2 0 0 -1 126.21 176.36 312.54 321.30 0 0 0 0
151 52 2 0 0 -1 738.49 172.59 936.38 319.67 0 0 0 0
151 54 2 0 0 -1 375.64 183.79 425.04 236.07 0 0 0 0
151 55 2 0 0 -1 672.32 178.20 754.89 268.29 0 0 0 0
151 44 2 0 0 -1 319.31 192.72 388.68 263.61 0 0 0 0
152 32 2 0 0 -1 -53.63 223.41 149.35 374.26 0 0 0 0
152 3 0 0 0 -1 578.30 172.81 616.11 265.43 0 0 0 0
152 51 2 0 0 -1 92.75 178.93 296.89 332.11 0 0 0 0
152 52 2 0 0 -1 755.20 174.83 976.99 337.17 0 0 0 0
152 54 2 0 0 -1 375.25 186.58 427.55 241.12 0 0 0 0
152 55 2 0 0 -1 684.27 181.26 768.90 271.76 0 0 0 0
152 44 2 0 0 -1 312.37 195.13 387.74 271.26 0 0 0 0
153 3 0 0 0 -1 582.78 175.58 619.70 266.58 0 0 0 0
153 51 2 0 0 -1 52.68 180.39 282.20 347.06 0 0 0 0
153 52 2 0 0 -1 775.43 176.03 1023.70 354.39 0 0 0 0
153 54 2 0 0 -1 372.68 188.50 427.97 245.05 0 0 0 0
153 55 2 0 0 -1 694.76 182.06 785.90 277.58 0 0 0 0
153 44 2 0 0 -1 304.16 197.02 383.89 276.23 0 0 0 0