0 1 1 0 0 -1 776.40 170.64 882.17 363.43 0 0 0 0
0 2 1 0 0 -1 777.50 265.18 885.57 374.14 0 0 0 0
0 3 1 0 0 -1 1108.40 171.70 1197.35 314.67 0 0 0 0
0 4 1 0 0 -1 297.29 168.58 453.34 284.54 0 0 0 0
1 1 1 0 0 -1 779.77 168.59 882.18 355.25 0 0 0 0
1 2 1 0 0 -1 781.42 265.98 888.61 374.14 0 0 0 0
1 3 1 0 0 -1 1131.45 168.37 1220.71 312.29 0 0 0 0
1 4 1 0 0 -1 295.22 164.91 451.40 281.07 0 0 0 0
2 1 1 0 0 -1 785.70 160.57 887.77 346.47 0 0 0 0
2 2 1 0 0 -1 783.64 257.58 898.78 374.23 0 0 0 0
2 3 1 0 0 -1 1151.82 161.17 1244.62 311.83 0 0 0 0
2 4 1 0 0 -1 296.69 160.31 447.69 272.66 0 0 0 0
3 1 1 0 0 -1 791.70 155.64 894.25 342.27 0 0 0 0
3 2 1 0 0 -1 789.43 256.60 904.68 374.04 0 0 0 0
3 3 1 0 0 -1 1170.37 156.35 1263.08 309.82 0 0 0 0
3 4 1 0 0 -1 293.76 153.17 444.69 265.59 0 0 0 0
4 1 1 0 0 -1 796.30 154.69 901.14 345.45 0 0 0 0
4 2 1 0 0 -1 793.15 252.73 909.88 372.72 0 0 0 0
4 4 1 0 0 -1 292.30 151.15 441.08 262.01 0 0 0 0
5 1 1 0 0 -1 800.45 156.64 904.88 346.96 0 0 0 0
5 2 1 0 0 -1 798.07 249.90 916.24 373.01 0 0 0 0
5 4 1 0 0 -1 292.72 152.00 438.30 260.35 0 0 0 0
5 5 1 0 0 -1 74.87 1.17 122.16 104.41 0 0 0 0
6 1 1 0 0 -1 804.87 156.79 908.95 346.52 0 0 0 0
6 2 1 0 0 -1 799.58 245.52 919.37 371.20 0 0 0 0
6 4 1 0 0 -1 291.72 153.28 435.56 260.53 0 0 0 0
6 5 1 0 0 -1 61.35 0.42 109.19 104.43 0 0 0 0
7 1 1 0 0 -1 806.58 158.76 909.72 345.01 0 0 0 0
7 2 1 0 0 -1 799.53 244.29 921.67 372.93 0 0 0 0
7 4 1 0 0 -1 289.86 155.81 432.16 262.02 0 0 0 0
8 1 1 0 0 -1 808.12 161.33 912.00 347.16 0 0 0 0
8 2 1 0 0 -1 803.21 244.68 925.90 373.98 0 0 0 0
8 4 1 0 0 -1 287.24 157.71 429.19 263.94 0 0 0 0
9 1 1 0 0 -1 810.06 162.96 916.33 352.58 0 0 0 0
9 2 1 0 0 -1 804.52 246.93 925.79 374.66 0 0 0 0
9 4 1 0 0 -1 285.41 156.06 427.17 262.63 0 0 0 0
9 8 1 0 0 -1 1051.17 186.52 1192.77 250.49 0 0 0 0
10 1 1 0 0 -1 807.33 167.68 914.44 357.35 0 0 0 0
10 2 1 0 0 -1 803.50 249.17 923.17 374.92 0 0 0 0
10 4 1 0 0 -1 283.16 157.13 426.77 265.71 0 0 0 0
10 8 1 0 0 -1 1077.39 195.59 1210.90 255.99 0 0 0 0
11 1 1 0 0 -1 801.48 168.27 907.57 357.94 0 0 0 0
11 2 1 0 0 -1 806.21 252.38 923.25 375.01 0 0 0 0
11 4 1 0 0 -1 284.98 161.23 424.33 266.42 0 0 0 0
11 8 1 0 0 -1 1107.46 200.36 1238.71 259.86 0 0 0 0
11 9 1 0 0 -1 903.70 190.37 1003.14 248.87 0 0 0 0
12 1 1 0 0 -1 800.60 166.37 905.92 353.32 0 0 0 0
12 2 1 0 0 -1 801.75 252.36 918.87 374.63 0 0 0 0
12 4 1 0 0 -1 279.87 156.84 421.69 264.61 0 0 0 0
12 8 1 0 0 -1 1127.43 198.29 1256.79 257.53 0 0 0 0
12 9 1 0 0 -1 918.80 186.18 1023.56 247.82 0 0 0 0
13 1 1 0 0 -1 801.96 166.12 903.12 344.51 0 0 0 0
13 2 1 0 0 -1 797.45 253.77 913.52 373.68 0 0 0 0
13 4 1 0 0 -1 280.87 156.07 419.46 261.45 0 0 0 0
13 9 1 0 0 -1 936.89 182.72 1047.68 247.95 0 0 0 0
14 1 1 0 0 -1 797.35 165.00 897.07 338.69 0 0 0 0
14 2 1 0 0 -1 797.65 255.31 910.56 372.22 0 0 0 0
14 4 1 0 0 -1 280.23 157.36 415.28 260.28 0 0 0 0
14 9 1 0 0 -1 957.44 182.31 1071.83 249.63 0 0 0 0
15 1 1 0 0 -1 795.15 168.62 892.50 337.33 0 0 0 0
15 2 1 0 0 -1 795.60 255.95 906.57 371.11 0 0 0 0
15 4 1 0 0 -1 279.81 158.18 412.72 259.61 0 0 0 0
15 9 1 0 0 -1 977.94 182.22 1096.03 251.66 0 0 0 0
16 1 1 0 0 -1 788.12 167.93 884.49 333.64 0 0 0 0
16 2 1 0 0 -1 786.65 251.89 899.91 369.93 0 0 0 0
16 4 1 0 0 -1 278.92 154.47 413.56 257.67 0 0 0 0
16 9 1 0 0 -1 998.86 180.81 1121.16 252.63 0 0 0 0
17 1 1 0 0 -1 784.93 171.67 880.49 335.62 0 0 0 0
17 2 1 0 0 -1 783.28 254.50 894.20 371.03 0 0 0 0
17 4 1 0 0 -1 279.22 155.75 412.88 258.63 0 0 0 0
17 9 1 0 0 -1 1020.57 184.71 1148.22 259.62 0 0 0 0
18 1 1 0 0 -1 780.65 175.56 877.33 342.54 0 0 0 0
18 2 1 0 0 -1 777.63 255.97 888.39 372.03 0 0 0 0
18 4 1 0 0 -1 279.31 159.03 412.65 262.09 0 0 0 0
18 9 1 0 0 -1 1045.64 191.72 1174.87 267.13 0 0 0 0
19 1 1 0 0 -1 774.35 181.92 869.11 345.48 0 0 0 0
19 2 1 0 0 -1 772.12 260.04 880.54 373.54 0 0 0 0
19 4 1 0 0 -1 282.49 167.79 411.35 267.60 0 0 0 0
19 9 1 0 0 -1 1068.41 195.56 1207.96 276.93 0 0 0 0
20 1 1 0 0 -1 766.16 187.20 861.21 350.57 0 0 0 0
20 2 1 0 0 -1 767.58 264.06 873.18 373.70 0 0 0 0
20 4 1 0 0 -1 285.57 177.34 409.67 273.46 0 0 0 0
20 9 1 0 0 -1 1094.08 199.15 1236.53 282.04 0 0 0 0
21 1 1 0 0 -1 757.04 187.66 852.62 351.77 0 0 0 0
21 2 1 0 0 -1 758.40 261.65 866.97 374.32 0 0 0 0
21 4 1 0 0 -1 289.05 179.98 409.55 273.23 0 0 0 0
21 9 1 0 0 -1 1112.84 198.93 1254.60 282.46 0 0 0 0
22 1 1 0 0 -1 749.14 184.42 847.05 353.54 0 0 0 0
22 2 1 0 0 -1 749.57 256.35 859.93 371.07 0 0 0 0
22 4 1 0 0 -1 293.00 178.95 409.39 268.97 0 0 0 0
22 9 1 0 0 -1 1131.37 197.79 1268.30 280.86 0 0 0 0
23 1 1 0 0 -1 742.57 180.04 839.35 349.10 0 0 0 0
23 2 1 0 0 -1 742.54 252.98 851.11 366.05 0 0 0 0
23 4 1 0 0 -1 295.86 174.18 412.13 264.65 0 0 0 0
24 1 1 0 0 -1 733.44 180.28 824.34 339.00 0 0 0 0
24 2 1 0 0 -1 735.69 254.35 840.68 363.37 0 0 0 0
24 4 1 0 0 -1 300.01 174.09 413.33 262.86 0 0 0 0
25 1 1 0 0 -1 722.63 180.06 812.02 335.98 0 0 0 0
25 2 1 0 0 -1 722.10 252.16 827.42 360.98 0 0 0 0
25 4 1 0 0 -1 302.19 172.63 413.64 260.73 0 0 0 0
26 1 1 0 0 -1 715.67 174.55 802.92 327.35 0 0 0 0
26 2 1 0 0 -1 711.62 244.93 817.77 355.14 0 0 0 0
26 4 1 0 0 -1 306.69 168.24 416.35 255.95 0 0 0 0
26 12 1 0 0 -1 831.51 197.10 906.38 250.78 0 0 0 0
27 1 1 0 0 -1 706.54 169.23 792.03 319.28 0 0 0 0
27 2 1 0 0 -1 698.32 240.86 804.53 349.95 0 0 0 0
27 4 1 0 0 -1 311.31 160.03 422.47 250.60 0 0 0 0
27 12 1 0 0 -1 847.16 194.51 921.34 247.59 0 0 0 0
28 1 1 0 0 -1 696.09 169.02 777.51 311.99 0 0 0 0
28 2 1 0 0 -1 690.62 237.64 794.74 344.48 0 0 0 0
28 4 1 0 0 -1 319.89 161.43 424.27 247.71 0 0 0 0
28 12 1 0 0 -1 861.21 187.51 944.28 246.90 0 0 0 0
29 1 1 0 0 -1 682.95 165.37 765.60 310.98 0 0 0 0
29 2 1 0 0 -1 678.86 231.13 785.77 340.81 0 0 0 0
29 4 1 0 0 -1 325.99 163.26 429.20 250.32 0 0 0 0
29 12 1 0 0 -1 878.85 186.18 967.49 249.44 0 0 0 0
30 1 1 0 0 -1 673.59 167.31 754.91 310.38 0 0 0 0
30 2 1 0 0 -1 667.12 232.68 771.36 339.53 0 0 0 0
30 4 1 0 0 -1 329.78 165.49 433.65 254.46 0 0 0 0
30 12 1 0 0 -1 897.41 188.06 985.88 250.92 0 0 0 0
31 1 1 0 0 -1 659.30 168.13 744.01 317.59 0 0 0 0
31 2 1 0 0 -1 653.42 230.31 755.10 335.34 0 0 0 0
31 4 1 0 0 -1 337.98 166.17 437.54 252.67 0 0 0 0
31 12 1 0 0 -1 916.77 189.48 1010.56 255.75 0 0 0 0
32 1 1 0 0 -1 649.91 167.30 734.88 318.37 0 0 0 0
32 2 1 0 0 -1 644.23 232.78 742.13 334.56 0 0 0 0
32 4 1 0 0 -1 344.72 166.31 441.21 250.98 0 0 0 0
32 12 1 0 0 -1 938.29 194.49 1031.68 259.71 0 0 0 0
33 1 1 0 0 -1 640.40 167.71 723.14 316.39 0 0 0 0
33 2 1 0 0 -1 635.40 232.31 731.96 333.54 0 0 0 0
33 4 1 0 0 -1 355.48 167.01 449.72 250.29 0 0 0 0
33 12 1 0 0 -1 959.45 192.92 1059.86 262.42 0 0 0 0
34 1 1 0 0 -1 625.75 166.20 709.29 318.69 0 0 0 0
34 2 1 0 0 -1 613.85 213.60 724.51 331.59 0 0 0 0
34 4 1 0 0 -1 366.32 166.00 460.96 249.74 0 0 0 0
34 12 1 0 0 -1 981.79 189.37 1091.19 264.33 0 0 0 0
35 1 1 0 0 -1 616.51 164.16 697.20 314.18 0 0 0 0
35 2 1 0 0 -1 609.28 209.42 719.76 328.58 0 0 0 0
35 4 1 0 0 -1 374.85 161.63 471.99 247.97 0 0 0 0
35 12 1 0 0 -1 1008.12 186.80 1124.48 265.45 0 0 0 0
36 1 1 0 0 -1 610.96 161.66 690.62 312.59 0 0 0 0
36 2 1 0 0 -1 616.21 202.05 731.46 326.26 0 0 0 0
36 4 1 0 0 -1 385.36 159.85 481.15 244.69 0 0 0 0
36 12 1 0 0 -1 1034.66 185.19 1161.37 269.92 0 0 0 0
37 1 1 0 0 -1 602.66 158.86 681.99 312.37 0 0 0 0
37 2 1 0 0 -1 632.67 200.00 749.20 324.84 0 0 0 0
37 4 1 0 0 -1 393.23 149.83 497.60 243.35 0 0 0 0
37 12 1 0 0 -1 1064.72 185.62 1200.59 275.39 0 0 0 0
38 1 1 0 0 -1 598.15 160.15 675.97 312.79 0 0 0 0
38 4 1 0 0 -1 406.13 147.04 512.44 242.94 0 0 0 0
38 12 1 0 0 -1 1093.09 188.65 1234.62 282.02 0 0 0 0
39 1 1 0 0 -1 594.86 163.07 669.86 311.76 0 0 0 0
39 4 1 0 0 -1 420.96 148.80 524.90 242.82 0 0 0 0
39 12 1 0 0 -1 1119.19 190.43 1255.73 282.06 0 0 0 0
40 1 1 0 0 -1 592.90 164.63 666.60 312.23 0 0 0 0
40 4 1 0 0 -1 434.70 148.92 539.82 244.23 0 0 0 0
41 1 1 0 0 -1 586.69 163.09 662.09 317.33 0 0 0 0
41 4 1 0 0 -1 449.19 151.12 554.34 246.45 0 0 0 0
42 1 1 0 0 -1 584.81 167.78 655.98 315.27 0 0 0 0
42 4 1 0 0 -1 463.70 150.93 570.41 247.59 0 0 0 0
43 1 1 0 0 -1 585.69 171.19 654.02 314.42 0 0 0 0
43 4 1 0 0 -1 483.11 157.01 586.55 249.59 0 0 0 0
44 1 1 0 0 -1 587.96 170.21 652.65 305.29 0 0 0 0
44 4 1 0 0 -1 502.36 162.49 599.58 248.54 0 0 0 0
44 14 1 0 0 -1 831.51 224.80 963.57 363.80 0 0 0 0
44 15 1 0 0 -1 595.78 237.90 657.84 335.48 0 0 0 0
45 1 1 0 0 -1 587.86 169.90 655.34 313.36 0 0 0 0
45 4 1 0 0 -1 520.41 166.21 614.14 249.11 0 0 0 0
45 14 1 0 0 -1 869.06 226.10 1006.94 370.71 0 0 0 0
45 15 1 0 0 -1 598.74 241.01 658.40 334.97 0 0 0 0
46 1 1 0 0 -1 592.18 170.67 660.68 317.81 0 0 0 0
46 14 1 0 0 -1 919.19 233.52 1054.50 373.30 0 0 0 0
46 15 1 0 0 -1 604.06 246.93 660.61 336.21 0 0 0 0
47 1 1 0 0 -1 596.20 171.94 665.87 324.47 0 0 0 0
47 14 1 0 0 -1 981.04 240.15 1115.47 374.62 0 0 0 0
47 15 1 0 0 -1 608.51 242.44 668.60 337.87 0 0 0 0
48 1 1 0 0 -1 603.48 173.69 669.92 321.00 0 0 0 0
48 14 1 0 0 -1 1038.45 248.45 1170.53 374.29 0 0 0 0
48 15 1 0 0 -1 611.94 237.86 674.26 337.90 0 0 0 0
49 1 1 0 0 -1 611.32 171.02 679.57 324.03 0 0 0 0
49 15 1 0 0 -1 623.73 242.09 681.47 336.75 0 0 0 0
50 1 1 0 0 -1 621.55 170.94 687.09 318.13 0 0 0 0
50 15 1 0 0 -1 628.20 241.48 686.48 338.14 0 0 0 0
50 19 1 0 0 -1 939.58 238.36 1048.66 372.28 0 0 0 0
50 14 1 0 0 -1 1124.38 266.73 1236.48 372.47 0 0 0 0
51 1 1 0 0 -1 630.64 169.79 695.21 316.79 0 0 0 0
51 15 1 0 0 -1 637.59 241.53 696.15 339.68 0 0 0 0
51 19 1 0 0 -1 990.21 242.72 1097.71 373.35 0 0 0 0
52 1 1 0 0 -1 641.99 171.90 705.65 317.50 0 0 0 0
52 15 1 0 0 -1 649.95 240.03 706.05 336.19 0 0 0 0
53 1 1 0 0 -1 650.43 167.91 717.45 322.59 0 0 0 0
53 15 1 0 0 -1 661.71 240.67 714.38 333.23 0 0 0 0
53 20 1 0 0 -1 912.85 158.64 1005.50 227.44 0 0 0 0
54 1 1 0 0 -1 663.03 166.64 732.11 328.16 0 0 0 0
54 15 1 0 0 -1 667.22 239.24 722.32 337.77 0 0 0 0
54 20 1 0 0 -1 932.53 159.16 1027.74 229.62 0 0 0 0
55 1 1 0 0 -1 677.25 165.62 744.18 323.99 0 0 0 0
55 20 1 0 0 -1 958.26 157.93 1059.31 232.23 0 0 0 0
56 1 1 0 0 -1 692.67 165.62 759.79 326.20 0 0 0 0
56 20 1 0 0 -1 980.52 155.68 1087.69 233.96 0 0 0 0
56 22 1 0 0 -1 748.22 151.81 880.67 241.36 0 0 0 0
57 1 1 0 0 -1 708.00 166.20 774.74 328.29 0 0 0 0
57 20 1 0 0 -1 1002.17 154.86 1116.01 237.29 0 0 0 0
57 22 1 0 0 -1 768.15 150.84 902.35 241.61 0 0 0 0
57 23 1 0 0 -1 1158.56 143.63 1252.43 236.01 0 0 0 0
58 1 1 0 0 -1 726.39 167.15 789.54 322.89 0 0 0 0
58 20 1 0 0 -1 1021.92 153.61 1140.00 238.28 0 0 0 0
58 22 1 0 0 -1 797.99 152.02 927.56 239.57 0 0 0 0
58 23 1 0 0 -1 1174.09 143.74 1267.07 236.41 0 0 0 0
59 1 1 0 0 -1 744.81 168.40 805.46 318.96 0 0 0 0
59 20 1 0 0 -1 1060.72 151.08 1183.63 237.00 0 0 0 0
59 22 1 0 0 -1 825.19 154.61 952.96 240.74 0 0 0 0
60 1 1 0 0 -1 765.35 170.09 823.51 314.77 0 0 0 0
60 20 1 0 0 -1 1069.12 151.85 1198.56 241.00 0 0 0 0
60 22 1 0 0 -1 851.09 154.52 978.57 239.94 0 0 0 0
61 1 1 0 0 -1 785.02 170.04 840.74 307.09 0 0 0 0
61 20 1 0 0 -1 1087.28 151.67 1221.85 242.41 0 0 0 0
61 22 1 0 0 -1 875.56 153.52 1004.35 239.36 0 0 0 0
62 1 1 0 0 -1 802.56 168.50 859.22 307.04 0 0 0 0
62 20 1 0 0 -1 1093.16 152.26 1233.20 246.51 0 0 0 0
62 22 1 0 0 -1 903.66 154.35 1027.93 236.26 0 0 0 0
63 1 1 0 0 -1 817.98 167.40 879.40 317.31 0 0 0 0
63 20 1 0 0 -1 1104.03 152.54 1246.69 248.59 0 0 0 0
63 22 1 0 0 -1 921.61 154.11 1051.48 238.76 0 0 0 0
64 1 1 0 0 -1 835.68 165.49 898.27 318.16 0 0 0 0
64 20 1 0 0 -1 1111.42 152.51 1256.22 251.02 0 0 0 0
64 22 1 0 0 -1 944.72 154.33 1077.77 240.07 0 0 0 0
65 1 1 0 0 -1 857.81 167.26 913.85 301.84 0 0 0 0
65 20 1 0 0 -1 1116.19 152.00 1264.82 255.34 0 0 0 0
65 22 1 0 0 -1 993.44 156.36 1121.38 240.60 0 0 0 0
66 1 1 0 0 -1 876.19 165.23 933.59 301.25 0 0 0 0
66 20 1 0 0 -1 1123.63 153.76 1269.14 257.59 0 0 0 0
66 22 1 0 0 -1 997.72 156.42 1131.75 243.00 0 0 0 0
67 1 1 0 0 -1 895.52 164.94 954.95 306.16 0 0 0 0
67 20 1 0 0 -1 1127.47 156.47 1271.13 262.00 0 0 0 0
67 22 1 0 0 -1 1009.86 157.48 1146.35 244.11 0 0 0 0
68 1 1 0 0 -1 913.07 167.05 974.38 311.91 0 0 0 0
68 20 1 0 0 -1 1134.37 157.27 1273.29 262.88 0 0 0 0
68 22 1 0 0 -1 1022.65 159.74 1161.23 246.65 0 0 0 0
69 1 1 0 0 -1 929.75 168.20 991.48 314.31 0 0 0 0
69 20 1 0 0 -1 1137.87 158.68 1277.56 269.50 0 0 0 0
69 22 1 0 0 -1 1035.63 160.47 1176.99 248.51 0 0 0 0
70 1 1 0 0 -1 946.28 167.52 1007.34 312.61 0 0 0 0
70 20 1 0 0 -1 1144.05 157.97 1278.15 269.22 0 0 0 0
70 22 1 0 0 -1 1049.18 160.54 1189.09 247.31 0 0 0 0
71 1 1 0 0 -1 961.47 165.65 1023.47 315.27 0 0 0 0
71 20 1 0 0 -1 1147.65 156.64 1277.81 269.71 0 0 0 0
71 22 1 0 0 -1 1062.16 159.36 1201.11 245.39 0 0 0 0
72 1 1 0 0 -1 970.27 166.65 1033.20 318.95 0 0 0 0
72 20 1 0 0 -1 1150.85 155.31 1276.02 269.06 0 0 0 0
72 22 1 0 0 -1 1073.28 158.75 1211.22 244.13 0 0 0 0
73 1 1 0 0 -1 980.20 165.65 1041.56 313.67 0 0 0 0
73 20 1 0 0 -1 1152.38 156.22 1274.18 271.93 0 0 0 0
73 22 1 0 0 -1 1081.22 157.75 1219.46 243.83 0 0 0 0
74 1 1 0 0 -1 986.47 165.59 1048.39 315.80 0 0 0 0
74 20 1 0 0 -1 1153.80 157.04 1269.70 271.39 0 0 0 0
74 22 1 0 0 -1 1086.16 158.16 1220.53 242.76 0 0 0 0
75 1 1 0 0 -1 993.87 166.20 1051.92 306.78 0 0 0 0
75 20 1 0 0 -1 1152.39 157.20 1269.09 277.10 0 0 0 0
75 22 1 0 0 -1 1091.31 159.52 1221.09 242.33 0 0 0 0
76 1 1 0 0 -1 997.18 169.01 1052.11 300.67 0 0 0 0
76 20 1 0 0 -1 1148.98 158.60 1267.43 284.77 0 0 0 0
76 22 1 0 0 -1 1092.59 161.15 1222.71 245.90 0 0 0 0
77 1 1 0 0 -1 998.00 170.48 1053.22 302.24 0 0 0 0
77 20 1 0 0 -1 1146.73 159.20 1263.49 287.21 0 0 0 0
77 22 1 0 0 -1 1095.70 164.34 1212.49 241.89 0 0 0 0
78 1 1 0 0 -1 996.41 171.21 1054.41 309.98 0 0 0 0
78 20 1 0 0 -1 1146.46 161.65 1258.70 287.46 0 0 0 0
78 22 1 0 0 -1 1093.95 165.74 1212.41 246.80 0 0 0 0
79 1 1 0 0 -1 994.72 171.23 1053.48 313.42 0 0 0 0
79 20 1 0 0 -1 1142.88 162.34 1252.17 285.98 0 0 0 0
79 22 1 0 0 -1 1095.79 167.12 1204.96 244.13 0 0 0 0
80 1 1 0 0 -1 990.95 171.93 1048.69 312.56 0 0 0 0
80 20 1 0 0 -1 1137.10 163.09 1249.35 291.14 0 0 0 0
80 22 1 0 0 -1 1094.68 168.27 1196.17 242.50 0 0 0 0
81 1 1 0 0 -1 987.39 171.46 1041.80 303.06 0 0 0 0
81 20 1 0 0 -1 1129.99 164.41 1245.46 296.05 0 0 0 0
81 22 1 0 0 -1 1089.61 169.78 1186.30 243.35 0 0 0 0
82 1 1 0 0 -1 982.18 174.92 1033.52 297.39 0 0 0 0
82 20 1 0 0 -1 1121.62 164.09 1244.23 303.94 0 0 0 0
82 22 1 0 0 -1 1084.05 171.59 1176.29 245.12 0 0 0 0
83 1 1 0 0 -1 974.11 177.11 1025.99 300.53 0 0 0 0
83 20 1 0 0 -1 1111.91 163.31 1240.48 308.76 0 0 0 0
83 22 1 0 0 -1 1073.65 170.44 1161.24 242.87 0 0 0 0
84 1 1 0 0 -1 966.00 175.70 1018.93 301.85 0 0 0 0
84 20 1 0 0 -1 1103.85 160.33 1238.96 312.00 0 0 0 0
84 22 1 0 0 -1 1066.06 170.03 1147.90 240.91 0 0 0 0
85 1 1 0 0 -1 956.80 174.60 1009.31 299.38 0 0 0 0
85 20 1 0 0 -1 1097.71 158.86 1237.11 313.81 0 0 0 0
86 1 1 0 0 -1 950.53 175.83 998.56 288.70 0 0 0 0
86 20 1 0 0 -1 1090.31 156.97 1234.29 314.66 0 0 0 0
87 1 1 0 0 -1 941.42 177.28 987.74 285.95 0 0 0 0
87 20 1 0 0 -1 1087.10 155.50 1231.04 309.99 0 0 0 0
88 1 1 0 0 -1 929.11 178.34 979.04 296.24 0 0 0 0
88 20 1 0 0 -1 1083.90 154.84 1227.09 304.40 0 0 0 0
89 1 1 0 0 -1 921.16 177.60 970.42 295.02 0 0 0 0
89 20 1 0 0 -1 1076.94 152.69 1225.74 304.35 0 0 0 0
90 1 1 0 0 -1 912.16 177.45 961.76 296.18 0 0 0 0
90 20 1 0 0 -1 1063.44 150.15 1233.99 323.37 0 0 0 0
90 26 1 0 0 -1 1023.74 177.66 1068.55 234.26 0 0 0 0
91 1 1 0 0 -1 906.42 179.36 951.15 284.82 0 0 0 0
91 20 1 0 0 -1 1052.37 149.86 1238.76 339.14 0 0 0 0
91 26 1 0 0 -1 1013.37 172.50 1060.74 232.37 0 0 0 0
92 1 1 0 0 -1 895.91 178.37 942.19 287.61 0 0 0 0
92 20 1 0 0 -1 1044.60 151.10 1237.03 345.07 0 0 0 0
92 26 1 0 0 -1 999.98 171.43 1047.39 231.33 0 0 0 0
92 29 1 0 0 -1 123.39 211.14 260.01 311.70 0 0 0 0
93 1 1 0 0 -1 887.92 178.01 935.73 291.09 0 0 0 0
93 20 1 0 0 -1 1039.83 149.75 1234.78 344.30 0 0 0 0
93 26 1 0 0 -1 988.79 171.28 1034.97 229.37 0 0 0 0
93 29 1 0 0 -1 77.56 215.88 216.01 317.67 0 0 0 0
94 1 1 0 0 -1 878.68 179.83 926.18 290.88 0 0 0 0
94 20 1 0 0 -1 1032.45 149.46 1234.11 348.92 0 0 0 0
94 26 1 0 0 -1 977.28 170.46 1023.21 227.68 0 0 0 0
94 29 1 0 0 -1 13.30 219.30 164.39 330.40 0 0 0 0
95 1 1 0 0 -1 873.80 178.96 920.00 286.90 0 0 0 0
95 20 1 0 0 -1 1023.66 150.24 1239.41 363.89 0 0 0 0
95 26 1 0 0 -1 965.08 170.20 1011.66 227.31 0 0 0 0
95 29 1 0 0 -1 -31.39 221.46 128.13 340.73 0 0 0 0
96 1 1 0 0 -1 869.12 180.32 913.27 283.18 0 0 0 0
96 20 1 0 0 -1 1021.20 154.37 1239.88 370.56 0 0 0 0
96 26 1 0 0 -1 951.04 171.45 998.27 228.29 0 0 0 0
97 1 1 0 0 -1 863.13 181.62 906.89 283.19 0 0 0 0
97 20 1 0 0 -1 1018.56 154.95 1239.13 372.29 0 0 0 0
97 26 1 0 0 -1 934.04 173.25 981.55 229.50 0 0 0 0
98 1 1 0 0 -1 858.07 179.40 902.87 283.74 0 0 0 0
98 20 1 0 0 -1 1018.42 156.15 1239.55 373.49 0 0 0 0
98 26 1 0 0 -1 917.57 173.97 964.98 228.91 0 0 0 0
99 1 1 0 0 -1 853.41 179.00 897.09 281.01 0 0 0 0
99 20 1 0 0 -1 1016.67 154.27 1239.89 373.32 0 0 0 0
99 26 1 0 0 -1 900.66 174.63 947.79 228.46 0 0 0 0
100 1 1 0 0 -1 846.63 181.10 890.81 284.57 0 0 0 0
100 20 1 0 0 -1 994.56 147.38 1228.02 372.14 0 0 0 0
100 26 1 0 0 -1 881.30 174.15 928.32 226.97 0 0 0 0
101 1 1 0 0 -1 841.90 180.28 883.41 277.09 0 0 0 0
101 20 1 0 0 -1 984.14 143.92 1225.92 373.24 0 0 0 0
101 26 1 0 0 -1 865.98 172.45 910.80 222.05 0 0 0 0
102 1 1 0 0 -1 837.76 177.79 879.85 275.84 0 0 0 0
102 20 1 0 0 -1 978.20 138.72 1228.52 373.88 0 0 0 0
103 1 1 0 0 -1 833.89 177.08 876.18 275.18 0 0 0 0
103 20 1 0 0 -1 972.85 137.10 1227.71 373.68 0 0 0 0
103 35 1 0 0 -1 931.15 188.15 966.86 228.11 0 0 0 0
104 1 1 0 0 -1 831.54 180.46 872.51 273.86 0 0 0 0
104 20 1 0 0 -1 970.10 133.60 1230.48 373.49 0 0 0 0
104 35 1 0 0 -1 919.60 188.95 955.51 228.65 0 0 0 0
105 1 1 0 0 -1 828.79 181.56 866.89 267.73 0 0 0 0
105 20 1 0 0 -1 969.50 132.87 1230.96 371.71 0 0 0 0
105 35 1 0 0 -1 901.70 188.62 938.57 228.81 0 0 0 0
105 26 1 0 0 -1 799.36 174.10 842.90 221.27 0 0 0 0
106 1 1 0 0 -1 825.17 181.59 864.02 269.98 0 0 0 0
106 20 1 0 0 -1 968.70 129.81 1233.94 370.98 0 0 0 0
106 35 1 0 0 -1 886.44 188.85 923.65 228.82 0 0 0 0
106 38 1 0 0 -1 921.36 187.13 969.61 242.56 0 0 0 0
106 26 1 0 0 -1 781.41 174.30 824.42 219.88 0 0 0 0
107 1 1 0 0 -1 822.95 182.07 862.96 272.70 0 0 0 0
107 20 1 0 0 -1 969.64 126.99 1237.63 370.35 0 0 0 0
107 35 1 0 0 -1 871.68 189.16 909.55 229.24 0 0 0 0
107 38 1 0 0 -1 916.82 186.77 966.38 243.00 0 0 0 0
107 26 1 0 0 -1 763.24 173.24 807.36 219.45 0 0 0 0
108 1 1 0 0 -1 817.67 182.17 859.83 279.49 0 0 0 0
108 20 1 0 0 -1 972.73 124.60 1243.23 371.25 0 0 0 0
108 35 1 0 0 -1 859.43 189.96 898.26 230.71 0 0 0 0
108 38 1 0 0 -1 913.24 188.15 964.07 244.09 0 0 0 0
108 26 1 0 0 -1 747.38 173.94 790.74 218.47 0 0 0 0
108 42 1 0 0 -1 636.88 180.26 686.46 223.83 0 0 0 0
109 1 1 0 0 -1 814.89 183.04 857.66 283.65 0 0 0 0
109 20 1 0 0 -1 978.21 120.86 1249.42 370.40 0 0 0 0
109 35 1 0 0 -1 849.06 190.65 888.43 231.97 0 0 0 0
109 38 1 0 0 -1 901.02 188.52 954.21 245.30 0 0 0 0
109 26 1 0 0 -1 731.49 174.11 774.78 217.87 0 0 0 0
109 42 1 0 0 -1 624.17 181.40 669.91 221.53 0 0 0 0
110 1 1 0 0 -1 811.39 181.97 852.52 279.61 0 0 0 0
110 20 1 0 0 -1 987.72 117.39 1256.57 368.53 0 0 0 0
110 38 1 0 0 -1 888.43 186.80 944.96 245.08 0 0 0 0
110 26 1 0 0 -1 714.67 173.67 758.55 217.57 0 0 0 0
110 42 1 0 0 -1 604.68 180.06 653.72 223.00 0 0 0 0
111 1 1 0 0 -1 805.48 180.68 846.53 278.44 0 0 0 0
111 20 1 0 0 -1 1000.27 112.85 1267.37 368.74 0 0 0 0
111 38 1 0 0 -1 876.89 187.20 936.18 245.88 0 0 0 0
111 26 1 0 0 -1 697.62 172.15 742.79 217.10 0 0 0 0
111 42 1 0 0 -1 588.52 179.30 636.75 221.38 0 0 0 0
112 1 1 0 0 -1 800.45 180.76 844.56 281.78 0 0 0 0
112 20 1 0 0 -1 1019.25 110.18 1279.37 368.62 0 0 0 0
112 38 1 0 0 -1 864.30 185.73 926.81 245.08 0 0 0 0
112 26 1 0 0 -1 681.97 170.84 726.84 215.21 0 0 0 0
112 42 1 0 0 -1 572.12 179.02 622.10 222.45 0 0 0 0
113 1 1 0 0 -1 792.46 178.99 835.79 273.14 0 0 0 0
113 20 1 0 0 -1 1045.05 106.28 1296.58 369.93 0 0 0 0
113 38 1 0 0 -1 851.50 184.97 917.98 245.77 0 0 0 0
113 26 1 0 0 -1 666.54 170.17 711.27 213.92 0 0 0 0
113 42 1 0 0 -1 556.02 177.74 606.65 221.51 0 0 0 0
114 1 1 0 0 -1 786.25 179.93 827.40 265.82 0 0 0 0
114 38 1 0 0 -1 841.27 184.83 911.49 246.80 0 0 0 0
114 26 1 0 0 -1 651.75 169.91 696.06 212.97 0 0 0 0
114 42 1 0 0 -1 539.61 177.17 592.81 223.03 0 0 0 0
114 44 1 0 0 -1 734.26 179.52 785.41 218.19 0 0 0 0
115 1 1 0 0 -1 776.43 178.54 823.21 274.33 0 0 0 0
115 38 1 0 0 -1 829.77 184.86 904.39 248.90 0 0 0 0
115 26 1 0 0 -1 638.62 170.38 682.58 212.51 0 0 0 0
115 42 1 0 0 -1 526.17 175.98 578.08 220.85 0 0 0 0
115 44 1 0 0 -1 725.04 179.95 776.51 218.90 0 0 0 0
116 1 1 0 0 -1 772.06 178.98 819.40 277.35 0 0 0 0
116 38 1 0 0 -1 820.13 186.00 898.49 251.60 0 0 0 0
116 26 1 0 0 -1 623.81 171.00 668.55 213.45 0 0 0 0
116 42 1 0 0 -1 510.90 175.42 566.18 223.19 0 0 0 0
116 44 1 0 0 -1 713.58 180.12 765.50 219.56 0 0 0 0
117 1 1 0 0 -1 761.86 180.30 807.38 276.36 0 0 0 0
117 38 1 0 0 -1 810.20 187.16 892.76 254.65 0 0 0 0
117 26 1 0 0 -1 609.63 171.63 655.86 215.16 0 0 0 0
117 42 1 0 0 -1 497.79 174.44 553.37 222.63 0 0 0 0
117 44 1 0 0 -1 698.40 180.56 752.24 221.63 0 0 0 0
117 35 1 0 0 -1 743.13 181.54 810.78 257.81 0 0 0 0
118 1 1 0 0 -1 749.69 182.61 795.42 280.68 0 0 0 0
118 38 1 0 0 -1 801.35 189.43 886.43 257.26 0 0 0 0
118 26 1 0 0 -1 594.01 172.85 640.26 216.08 0 0 0 0
118 42 1 0 0 -1 480.83 176.11 537.09 224.65 0 0 0 0
118 44 1 0 0 -1 684.57 180.92 739.81 223.19 0 0 0 0
119 1 1 0 0 -1 739.78 182.58 783.11 277.44 0 0 0 0
119 38 1 0 0 -1 792.61 190.03 881.94 259.89 0 0 0 0
119 26 1 0 0 -1 579.02 172.57 626.31 216.50 0 0 0 0
119 42 1 0 0 -1 465.96 176.55 522.53 225.34 0 0 0 0
119 44 1 0 0 -1 671.86 181.04 728.11 224.14 0 0 0 0
119 47 1 0 0 -1 -14.38 242.68 125.75 347.54 0 0 0 0
120 38 1 0 0 -1 782.98 189.94 877.28 262.42 0 0 0 0
120 26 1 0 0 -1 564.00 171.33 610.20 214.05 0 0 0 0
120 42 1 0 0 -1 449.17 178.02 505.00 225.82 0 0 0 0
120 44 1 0 0 -1 658.97 180.80 717.88 226.31 0 0 0 0
120 47 1 0 0 -1 -31.07 250.25 109.09 356.22 0 0 0 0
121 38 1 0 0 -1 772.09 190.36 874.14 268.00 0 0 0 0
121 26 1 0 0 -1 548.75 171.15 594.75 213.51 0 0 0 0
121 42 1 0 0 -1 431.69 178.76 486.47 224.72 0 0 0 0
121 44 1 0 0 -1 646.72 181.29 705.26 226.95 0 0 0 0
122 38 1 0 0 -1 761.89 190.53 869.57 272.03 0 0 0 0
122 26 1 0 0 -1 534.52 171.25 578.85 211.83 0 0 0 0
122 42 1 0 0 -1 409.32 178.70 471.34 230.59 0 0 0 0
122 44 1 0 0 -1 634.27 181.39 692.69 227.25 0 0 0 0
122 35 1 0 0 -1 676.10 187.75 748.13 272.89 0 0 0 0
122 1 1 0 0 -1 709.61 188.54 746.81 255.89 0 0 0 0
123 38 1 0 0 -1 753.34 190.99 863.09 273.26 0 0 0 0
123 26 1 0 0 -1 518.93 171.41 561.69 210.04 0 0 0 0
123 42 1 0 0 -1 386.25 179.83 452.16 234.46 0 0 0 0
123 44 1 0 0 -1 621.78 181.42 681.37 228.47 0 0 0 0
123 35 1 0 0 -1 661.38 186.16 730.54 272.41 0 0 0 0
124 38 1 0 0 -1 743.67 190.25 859.43 276.47 0 0 0 0
124 26 1 0 0 -1 501.61 170.59 545.36 210.24 0 0 0 0
124 42 1 0 0 -1 368.56 179.91 435.56 234.67 0 0 0 0
124 44 1 0 0 -1 608.43 181.68 668.19 228.92 0 0 0 0
124 35 1 0 0 -1 646.22 185.08 714.05 274.19 0 0 0 0
124 1 1 0 0 -1 701.67 193.99 736.93 253.11 0 0 0 0
125 38 1 0 0 -1 735.16 189.87 852.40 276.46 0 0 0 0
125 26 1 0 0 -1 484.08 169.81 529.32 211.02 0 0 0 0
125 42 1 0 0 -1 352.15 180.16 415.68 230.50 0 0 0 0
125 44 1 0 0 -1 594.94 180.73 655.41 228.97 0 0 0 0
125 1 1 0 0 -1 684.97 190.07 726.22 252.82 0 0 0 0
126 38 1 0 0 -1 725.41 188.71 847.26 278.61 0 0 0 0
126 26 1 0 0 -1 468.75 170.04 513.59 211.18 0 0 0 0
126 42 1 0 0 -1 324.30 182.93 387.38 232.78 0 0 0 0
126 44 1 0 0 -1 578.27 180.32 637.96 228.45 0 0 0 0
126 1 1 0 0 -1 669.82 189.25 716.20 253.01 0 0 0 0
126 35 1 0 0 -1 611.00 182.72 675.37 272.61 0 0 0 0
127 38 1 0 0 -1 716.00 187.30 844.14 281.98 0 0 0 0
127 26 1 0 0 -1 453.44 170.11 498.14 211.36 0 0 0 0
127 42 1 0 0 -1 319.94 180.33 384.30 231.27 0 0 0 0
127 44 1 0 0 -1 565.83 179.79 626.97 229.11 0 0 0 0
127 1 1 0 0 -1 657.00 187.88 709.05 253.91 0 0 0 0
128 38 1 0 0 -1 710.76 186.18 843.51 284.38 0 0 0 0
128 26 1 0 0 -1 440.93 170.23 485.32 211.53 0 0 0 0
128 42 1 0 0 -1 305.94 179.36 375.70 235.23 0 0 0 0
128 44 1 0 0 -1 557.08 180.47 617.04 228.96 0 0 0 0
128 1 1 0 0 -1 640.82 186.71 699.98 255.15 0 0 0 0
129 38 1 0 0 -1 708.41 185.37 845.71 287.06 0 0 0 0
129 26 1 0 0 -1 430.67 170.40 475.82 212.83 0 0 0 0
129 42 1 0 0 -1 294.46 180.58 362.63 235.45 0 0 0 0
129 1 1 0 0 -1 630.12 187.29 694.09 255.33 0 0 0 0
129 48 1 0 0 -1 244.50 188.80 334.92 257.59 0 0 0 0
130 38 1 0 0 -1 707.44 184.81 853.10 293.14 0 0 0 0
130 26 1 0 0 -1 423.21 173.02 467.95 215.15 0 0 0 0
130 42 1 0 0 -1 294.17 183.81 358.71 237.17 0 0 0 0
130 1 1 0 0 -1 621.24 188.18 693.56 260.45 0 0 0 0
130 48 1 0 0 -1 225.46 191.21 328.82 269.84 0 0 0 0
130 35 1 0 0 -1 542.40 184.98 603.05 273.64 0 0 0 0
131 38 1 0 0 -1 710.35 184.83 862.72 298.71 0 0 0 0
131 26 1 0 0 -1 416.61 175.85 460.50 217.56 0 0 0 0
131 42 1 0 0 -1 278.34 186.86 347.16 244.66 0 0 0 0
131 1 1 0 0 -1 615.78 188.75 699.05 267.57 0 0 0 0
131 48 1 0 0 -1 211.10 195.87 314.59 274.42 0 0 0 0
131 35 1 0 0 -1 531.25 184.47 586.15 268.40 0 0 0 0
132 38 1 0 0 -1 714.24 185.88 875.34 307.00 0 0 0 0
132 26 1 0 0 -1 414.10 178.24 456.08 218.46 0 0 0 0
132 42 1 0 0 -1 264.77 188.40 336.04 248.51 0 0 0 0
132 1 1 0 0 -1 615.01 189.58 706.38 271.79 0 0 0 0
132 48 1 0 0 -1 188.91 200.26 298.40 282.69 0 0 0 0
132 35 1 0 0 -1 518.91 184.00 577.69 277.20 0 0 0 0
133 38 1 0 0 -1 721.79 186.10 890.57 313.80 0 0 0 0
133 26 1 0 0 -1 413.34 180.20 453.71 218.98 0 0 0 0
133 42 1 0 0 -1 255.75 190.46 328.24 251.69 0 0 0 0
133 1 1 0 0 -1 613.33 190.23 712.83 276.21 0 0 0 0
133 48 1 0 0 -1 169.34 203.65 284.73 290.40 0 0 0 0
133 35 1 0 0 -1 512.50 185.21 563.72 270.18 0 0 0 0
134 38 1 0 0 -1 732.47 185.44 912.96 322.80 0 0 0 0
134 26 1 0 0 -1 414.41 180.23 454.21 218.57 0 0 0 0
134 42 1 0 0 -1 251.13 191.18 323.47 252.43 0 0 0 0
134 1 1 0 0 -1 615.02 189.50 723.14 280.27 0 0 0 0
134 48 1 0 0 -1 154.67 202.99 277.06 293.86 0 0 0 0
134 35 1 0 0 -1 505.58 184.44 556.83 271.75 0 0 0 0
135 38 1 0 0 -1 749.79 182.86 947.87 334.66 0 0 0 0
135 26 1 0 0 -1 416.87 176.49 457.64 216.19 0 0 0 0
135 42 1 0 0 -1 246.23 189.40 321.41 253.17 0 0 0 0
135 1 1 0 0 -1 619.75 187.31 736.61 282.52 0 0 0 0
135 48 1 0 0 -1 141.31 202.01 269.75 296.05 0 0 0 0
135 35 1 0 0 -1 500.42 182.88 550.33 269.64 0 0 0 0
135 49 1 0 0 -1 550.36 179.40 625.51 246.54 0 0 0 0
136 38 1 0 0 -1 773.04 180.15 986.84 344.75 0 0 0 0
136 26 1 0 0 -1 421.39 173.27 461.66 212.67 0 0 0 0
136 42 1 0 0 -1 238.19 185.95 319.08 255.50 0 0 0 0
136 1 1 0 0 -1 627.84 184.34 752.89 283.39 0 0 0 0
136 48 1 0 0 -1 125.89 199.84 266.12 301.35 0 0 0 0
136 35 1 0 0 -1 498.57 179.91 548.19 268.44 0 0 0 0
136 49 1 0 0 -1 552.44 177.28 628.53 245.07 0 0 0 0
137 38 1 0 0 -1 799.33 177.21 1038.84 362.72 0 0 0 0
137 42 1 0 0 -1 236.96 184.22 320.87 257.23 0 0 0 0
137 1 1 0 0 -1 636.58 181.07 773.85 286.97 0 0 0 0
137 48 1 0 0 -1 112.50 199.18 261.66 305.36 0 0 0 0
137 35 1 0 0 -1 498.13 176.76 548.90 269.05 0 0 0 0
137 49 1 0 0 -1 561.80 173.27 640.96 243.51 0 0 0 0
138 38 1 0 0 -1 842.83 175.51 1096.96 370.53 0 0 0 0
138 42 1 0 0 -1 236.19 182.81 321.80 258.08 0 0 0 0
138 1 1 0 0 -1 649.28 179.57 799.92 293.04 0 0 0 0
138 48 1 0 0 -1 96.54 198.28 258.82 311.76 0 0 0 0
138 35 1 0 0 -1 501.47 176.75 550.79 268.41 0 0 0 0
138 49 1 0 0 -1 571.32 171.64 654.15 244.82 0 0 0 0
139 38 1 0 0 -1 905.45 177.47 1168.90 373.54 0 0 0 0
139 42 1 0 0 -1 239.29 182.04 324.90 257.24 0 0 0 0
139 1 1 0 0 -1 663.72 179.38 828.99 301.18 0 0 0 0
139 48 1 0 0 -1 86.30 197.42 259.09 316.41 0 0 0 0
139 35 1 0 0 -1 505.72 175.97 553.14 265.09 0 0 0 0
139 49 1 0 0 -1 582.95 170.73 670.80 247.91 0 0 0 0
139 50 1 0 0 -1 319.00 184.75 357.19 233.68 0 0 0 0
140 38 1 0 0 -1 951.06 179.77 1214.68 374.41 0 0 0 0
140 42 1 0 0 -1 241.59 181.83 328.98 258.54 0 0 0 0
140 1 1 0 0 -1 678.78 180.97 861.26 312.54 0 0 0 0
140 48 1 0 0 -1 68.82 197.14 255.00 322.54 0 0 0 0
140 35 1 0 0 -1 509.34 176.42 557.09 267.45 0 0 0 0
140 49 1 0 0 -1 592.71 171.60 685.80 252.81 0 0 0 0
140 50 1 0 0 -1 325.02 185.37 362.93 233.81 0 0 0 0
140 51 1 0 0 -1 555.55 179.40 603.75 232.46 0 0 0 0
141 38 1 0 0 -1 989.13 181.33 1247.19 374.29 0 0 0 0
141 42 1 0 0 -1 238.51 181.65 332.43 264.52 0 0 0 0
141 1 1 0 0 -1 696.82 183.11 896.89 324.00 0 0 0 0
141 48 1 0 0 -1 52.07 199.39 253.23 332.54 0 0 0 0
141 35 1 0 0 -1 515.03 175.57 562.06 267.43 0 0 0 0
141 49 1 0 0 -1 603.96 173.36 700.07 256.58 0 0 0 0
141 50 1 0 0 -1 334.53 185.90 372.74 234.42 0 0 0 0
141 51 1 0 0 -1 566.87 181.00 615.75 234.93 0 0 0 0
142 38 1 0 0 -1 1030.58 185.39 1275.91 375.63 0 0 0 0
142 42 1 0 0 -1 236.60 182.74 334.51 269.20 0 0 0 0
142 1 1 0 0 -1 715.76 185.09 939.92 339.06 0 0 0 0
142 48 1 0 0 -1 33.09 201.59 247.31 340.41 0 0 0 0
142 35 1 0 0 -1 519.73 175.57 566.41 269.00 0 0 0 0
142 49 1 0 0 -1 615.95 173.54 716.18 259.53 0 0 0 0
142 50 1 0 0 -1 339.89 187.68 378.79 236.52 0 0 0 0
142 51 1 0 0 -1 574.35 181.70 626.13 238.93 0 0 0 0
143 42 1 0 0 -1 232.08 183.05 333.35 272.57 0 0 0 0
143 1 1 0 0 -1 736.44 186.58 993.09 358.98 0 0 0 0
143 48 1 0 0 -1 12.90 202.70 249.96 355.11 0 0 0 0
143 35 1 0 0 -1 526.50 176.67 571.40 268.24 0 0 0 0
143 49 1 0 0 -1 627.58 174.46 732.75 263.85 0 0 0 0
143 50 1 0 0 -1 347.02 188.19 385.65 236.11 0 0 0 0
143 51 1 0 0 -1 585.30 181.51 638.55 240.33 0 0 0 0
144 42 1 0 0 -1 227.95 182.42 336.66 278.40 0 0 0 0
144 1 1 0 0 -1 770.70 188.62 1051.50 370.39 0 0 0 0
144 48 1 0 0 -1 4.35 203.37 248.88 359.48 0 0 0 0
144 35 1 0 0 -1 533.15 176.53 576.09 266.32 0 0 0 0
144 49 1 0 0 -1 642.00 174.78 753.00 268.06 0 0 0 0
144 50 1 0 0 -1 353.43 187.87 394.01 237.65 0 0 0 0
144 51 1 0 0 -1 590.01 181.14 641.41 237.37 0 0 0 0
145 42 1 0 0 -1 221.85 181.81 340.10 286.02 0 0 0 0
145 1 1 0 0 -1 815.68 191.70 1115.60 375.12 0 0 0 0
145 48 1 0 0 -1 -6.03 203.59 250.44 367.79 0 0 0 0
145 35 1 0 0 -1 536.83 175.18 579.94 267.30 0 0 0 0
145 49 1 0 0 -1 654.50 174.76 771.79 272.08 0 0 0 0
145 50 1 0 0 -1 358.72 187.45 400.30 237.86 0 0 0 0
145 51 1 0 0 -1 605.23 180.84 663.34 244.78 0 0 0 0
146 42 1 0 0 -1 215.10 180.82 338.84 288.58 0 0 0 0
146 1 1 0 0 -1 848.68 193.60 1160.61 375.03 0 0 0 0
146 48 1 0 0 -1 -14.67 203.54 248.50 373.56 0 0 0 0
146 35 1 0 0 -1 543.28 175.77 585.14 266.15 0 0 0 0
146 49 1 0 0 -1 666.36 173.67 793.10 277.63 0 0 0 0
146 50 1 0 0 -1 366.12 186.73 406.53 235.01 0 0 0 0
146 51 1 0 0 -1 615.94 180.29 676.44 246.91 0 0 0 0
146 44 1 0 0 -1 323.99 191.29 394.94 253.39 0 0 0 0
147 42 1 0 0 -1 204.48 178.39 337.02 292.26 0 0 0 0
147 1 1 0 0 -1 867.55 195.00 1189.09 375.64 0 0 0 0
147 48 1 0 0 -1 -21.25 203.00 244.25 376.89 0 0 0 0
147 35 1 0 0 -1 549.77 173.19 592.46 266.24 0 0 0 0
147 49 1 0 0 -1 681.56 172.48 816.77 281.52 0 0 0 0
147 50 1 0 0 -1 369.14 184.05 410.94 233.08 0 0 0 0
147 51 1 0 0 -1 628.59 179.97 691.57 249.37 0 0 0 0
147 44 1 0 0 -1 319.43 189.95 386.28 252.39 0 0 0 0
148 42 1 0 0 -1 189.97 175.73 333.29 296.78 0 0 0 0
148 1 1 0 0 -1 888.76 198.63 1209.61 374.68 0 0 0 0
148 48 1 0 0 -1 -26.61 203.45 233.93 377.29 0 0 0 0
148 35 1 0 0 -1 554.14 169.70 598.79 268.76 0 0 0 0
148 49 1 0 0 -1 696.80 170.41 842.06 285.57 0 0 0 0
148 50 1 0 0 -1 372.77 182.19 416.54 232.83 0 0 0 0
148 51 1 0 0 -1 637.96 178.04 702.50 248.66 0 0 0 0
148 44 1 0 0 -1 318.25 187.60 384.88 252.32 0 0 0 0
149 42 1 0 0 -1 173.51 174.82 328.62 303.10 0 0 0 0
149 1 1 0 0 -1 917.50 205.73 1228.14 374.36 0 0 0 0
149 48 1 0 0 -1 -30.60 206.61 219.40 377.26 0 0 0 0
149 35 1 0 0 -1 560.20 168.58 604.66 268.83 0 0 0 0
149 49 1 0 0 -1 710.37 170.01 869.95 294.58 0 0 0 0
149 50 1 0 0 -1 373.74 181.75 419.51 233.61 0 0 0 0
149 51 1 0 0 -1 649.33 177.91 718.35 253.04 0 0 0 0
149 44 1 0 0 -1 320.12 188.38 386.80 254.13 0 0 0 0
150 42 1 0 0 -1 153.84 175.24 322.62 311.99 0 0 0 0
150 1 1 0 0 -1 970.65 233.01 1235.74 375.18 0 0 0 0
150 48 1 0 0 -1 -34.26 210.32 200.44 375.13 0 0 0 0
150 35 1 0 0 -1 565.44 171.22 608.93 270.19 0 0 0 0
150 49 1 0 0 -1 725.84 171.17 901.04 305.68 0 0 0 0
150 50 1 0 0 -1 375.01 182.28 423.22 236.02 0 0 0 0
150 51 1 0 0 -1 661.62 177.92 735.87 258.01 0 0 0 0
150 44 1 0 0 -1 317.85 190.66 386.82 257.89 0 0 0 0
151 42 1 0 0 -1 126.19 176.31 311.76 322.67 0 0 0 0
151 48 1 0 0 -1 -41.48 216.96 176.37 376.19 0 0 0 0
151 35 1 0 0 -1 571.47 173.36 612.27 267.29 0 0 0 0
151 49 1 0 0 -1 740.93 172.85 935.35 319.77 0 0 0 0
151 50 1 0 0 -1 376.58 184.69 425.61 238.28 0 0 0 0
151 51 1 0 0 -1 671.08 178.45 754.68 268.01 0 0 0 0
151 44 1 0 0 -1 315.77 192.41 388.24 262.55 0 0 0 0
152 42 1 0 0 -1 91.95 178.70 294.98 332.83 0 0 0 0
152 48 1 0 0 -1 -51.17 221.35 149.70 376.41 0 0 0 0
152 35 1 0 0 -1 576.75 174.31 616.42 266.70 0 0 0 0
152 49 1 0 0 -1 758.20 174.63 976.45 336.74 0 0 0 0
152 50 1 0 0 -1 374.07 187.41 426.63 243.83 0 0 0 0
152 51 1 0 0 -1 682.40 180.95 769.65 272.86 0 0 0 0
152 44 1 0 0 -1 309.46 196.11 385.97 269.62 0 0 0 0
153 42 1 0 0 -1 48.68 181.02 284.27 355.12 0 0 0 0
153 35 1 0 0 -1 581.45 175.09 619.71 265.00 0 0 0 0
153 49 1 0 0 -1 777.28 176.43 1024.18 356.49 0 0 0 0
153 50 1 0 0 -1 371.78 189.48 425.58 246.00 0 0 0 0
153 51 1 0 0 -1 694.27 183.16 785.66 277.18 0 0 0 0
153 44 1 0 0 -1 300.99 198.55 382.87 276.31 0 0 0 0